			30
			30			
			43
			44
			45
			47
			48
			48
			50
			50
			50
			51
			52
			52
			54
			56
			56
			64
			66
			68
			70
			72
			74
			76
			78
			80
			82
			84
			86
			88

			90
			96
			98

			101
			102
			103
			104
			105
			106
			107
			108
			109
			110
			111
			112
			113
			114
			115
			115
			115
			115
			116
			117
			118
			119
			120
			121
			123
			124
			125
			126
			126
			126
			126
			126
			126
			126
			126
			127
			128
			129
			130
			130
			131
			412
			412
			412
			1010
			1233
			1233
			1233
			1233
					1233
					1233
			1311
			1320
