
-------------------------------------------------------------------------------------------------------------------------------------
#  Input              LST calepoch(use)   gmrtt(display)   gmrtt-calepoch (sec)    Almanac Equation (G.Sidereal Time Apparent - Mean)
#Yr  MM  DD  hr m  s     hr m  s         hr m   s	                          of Equinox at 0 hr UT (sec)
-------------------------------------------------------------------------------------------------------------------------------------
2003 01  01  00 00 00    6 06 14.74 	 06 06 13.8 	     -0.94                    -0.9381
2003 06  01  00 00 00   16 01 34.60 	 16 01 33.7 	     -0.9                     -0.9452
2003 11  01  00 00 00    2 04 47.57 	 02 04 46.7 	     -0.87                    -0.8714

2004 01  01  00 00 00    6 05 17.45 	 06 05 16.7 	     -0.75                    
2004 06  01  00 00 00   16 04 33.86 	 16 04 33.1 	     -0.76
2004 11  01  00 00 00    2 07 46.84 	 02 07 46.2 	     -0.64

2005 01  01  00 00 00    6 08 16.71 	 06 08 16.3 	     -0.41                    -0.4533
2005 06  01  00 00 00   16 03 36.57 	 16 03 36.2 	     -0.37                    -0.3968
2005 11  01  00 00 00    2 06 49.54 	 02 06 49.2 	     -0.34                    -0.3207

2006 01  01  00 00 00    6 07 19.42 	 06 07 19.3 	     -0.12                    -0.1215
2006 06  01  00 00 00   16 02 39.28 	 16 02 39.2 	     -0.08                    -0.0453
2006 11  01  00 00 00    2 05 52.25 	 02 05 52.3 	      0.05                    +0.0496

2007 01  01  00 00 00    6 06 22.13 	 06 06 22.3 	      0.17                    +0.1950
2007 06  01  00 00 00   16 01 41.99 	 16 01 42.3 	      0.31                    +0.2662
2007 11  01  00 00 00    2 04 54.96 	 02 04 55.4 	      0.44                    +0.3914

2008 01  01  00 00 00    6 05 24.84 	 06 05 25.4 	      0.56                    +0.5322
2008 06  01  00 00 00   16 04 41.26 	 16 04 41.8 	      0.54                    +0.5673
2008 11  01  00 00 00    2 07 54.23 	 02 07 54.9 	      0.67                    +0.6471

2009 01  01  00 00 00    6 08 24.11 	 06 08 24.9 	      0.79                    +0.8187
2009 06  01  00 00 00   16 03 43.97 	 16 03 44.8 	      0.83                    +0.8337
2009 11  01  00 00 00    2 06 56.94 	 02 06 57.8 	      0.86                    +0.8438

2010 01  01  00 00 00    6 07 26.82 	 06 07 27.8 	      0.98
2010 06  01  00 00 00   16 02 46.68 	 16 02 47.7 	      1.02
2010 11  01  00 00 00    2 05 59.65 	 02 06 00.6 	      0.95

2011 01  01  00 00 00    6 06 29.52 	 06 06 30.6 	      1.08
2011 06  01  00 00 00   16 01 49.39 	 16 01 50.4 	      1.01
2011 11  01  00 00 00    2 05 02.36 	 02 05 03.3 	      0.94

2012 01  01  00 00 00    6 05 32.23 	 06 05 33.3 	      1.07
2012 06  01  00 00 00   16 04 48.65 	 16 04 49.6 	      0.95
2012 11  01  00 00 00    2 08 01.62 	 02 08 02.4 	      0.78

2013 01  01  00 00 00    6 08 31.50 	 06 08 32.4 	      0.9
2013 06  01  00 00 00   16 03 51.36 	 16 03 52.1 	      0.74
2013 11  01  00 00 00    2 07 04.33 	 02 07 04.9 	      0.57
------------------------------------------------------------------------------------------------------------------------------
