# File created by:- track1
# Date:- 17/4/2009
# Source Name :- 3C48
#Time     Inner(AZ)  Outer(AZ)  Elevation 

 07:22:35  -119.173   240.827  20.967
 07:23:05  -119.154   240.846  21.071
 07:23:35  -119.135   240.865  21.174
 07:24:05  -119.116   240.884  21.278
 07:24:35  -119.098   240.902  21.381
 07:25:05  -119.080   240.920  21.485
 07:25:35  -119.061   240.939  21.588
 07:26:05  -119.043   240.957  21.692
 07:26:35  -119.025   240.975  21.795
 07:27:05  -119.007   240.993  21.899
 07:27:35  -118.989   241.011  22.003
 07:28:05  -118.971   241.029  22.106
 07:28:35  -118.954   241.046  22.210
 07:29:05  -118.936   241.064  22.313
 07:29:35  -118.919   241.081  22.417
 07:30:05  -118.901   241.099  22.521
 07:30:35  -118.884   241.116  22.624
 07:31:05  -118.867   241.133  22.728
 07:31:35  -118.850   241.150  22.832
 07:32:05  -118.833   241.167  22.936
 07:32:35  -118.816   241.184  23.039
 07:33:05  -118.800   241.200  23.143
 07:33:35  -118.783   241.217  23.247
 07:34:05  -118.767   241.233  23.351
 07:34:35  -118.750   241.250  23.455
 07:35:05  -118.734   241.266  23.559
 07:35:35  -118.718   241.282  23.662
 07:36:05  -118.702   241.298  23.766
 07:36:35  -118.686   241.314  23.870
 07:37:05  -118.670   241.330  23.974
 07:37:35  -118.654   241.346  24.078
 07:38:05  -118.639   241.361  24.182
 07:38:35  -118.623   241.377  24.286
 07:39:05  -118.608   241.392  24.390
 07:39:35  -118.593   241.407  24.494
 07:40:05  -118.578   241.422  24.598
 07:40:35  -118.563   241.437  24.702
 07:41:05  -118.548   241.452  24.806
 07:41:35  -118.533   241.467  24.910
 07:42:05  -118.518   241.482  25.014
 07:42:35  -118.504   241.496  25.118
 07:43:05  -118.489   241.511  25.222
 07:43:35  -118.475   241.525  25.326
 07:44:05  -118.461   241.539  25.430
 07:44:35  -118.447   241.553  25.535
 07:45:05  -118.433   241.567  25.639
 07:45:35  -118.419   241.581  25.743
 07:46:05  -118.405   241.595  25.847
 07:46:35  -118.391   241.609  25.951
 07:47:05  -118.378   241.622  26.055
 07:47:35  -118.364   241.636  26.160
 07:48:05  -118.351   241.649  26.264
 07:48:35  -118.338   241.662  26.368
 07:49:05  -118.325   241.675  26.472
 07:49:35  -118.312   241.688  26.577
 07:50:05  -118.299   241.701  26.681
 07:50:35  -118.286   241.714  26.785
 07:51:05  -118.273   241.727  26.890
 07:51:35  -118.261   241.739  26.994
 07:52:05  -118.249   241.751  27.098
 07:52:35  -118.236   241.764  27.203
 07:53:05  -118.224   241.776  27.307
 07:53:35  -118.212   241.788  27.411
 07:54:05  -118.200   241.800  27.516
 07:54:35  -118.188   241.812  27.620
 07:55:05  -118.177   241.823  27.724
 07:55:35  -118.165   241.835  27.829
 07:56:05  -118.154   241.846  27.933
 07:56:35  -118.142   241.858  28.038
 07:57:05  -118.131   241.869  28.142
 07:57:35  -118.120   241.880  28.247
 07:58:05  -118.109   241.891  28.351
 07:58:35  -118.098   241.902  28.456
 07:59:05  -118.088   241.912  28.560
 07:59:35  -118.077   241.923  28.665
 08:00:05  -118.066   241.934  28.769
 08:00:35  -118.056   241.944  28.874
 08:01:05  -118.046   241.954  28.978
 08:01:35  -118.036   241.964  29.083
 08:02:05  -118.026   241.974  29.187
 08:02:35  -118.016   241.984  29.292
 08:03:05  -118.006   241.994  29.396
 08:03:35  -117.997   242.003  29.501
 08:04:05  -117.987   242.013  29.605
 08:04:35  -117.978   242.022  29.710
 08:05:05  -117.968   242.032  29.815
 08:05:35  -117.959   242.041  29.919
 08:06:05  -117.950   242.050  30.024
 08:06:35  -117.941   242.059  30.129
 08:07:05  -117.933   242.067  30.233
 08:07:35  -117.924   242.076  30.338
 08:08:05  -117.916   242.084  30.442
 08:08:35  -117.907   242.093  30.547
 08:09:05  -117.899   242.101  30.652
 08:09:35  -117.891   242.109  30.756
 08:10:05  -117.883   242.117  30.861
 08:10:35  -117.875   242.125  30.966
 08:11:05  -117.867   242.133  31.071
 08:11:35  -117.860   242.140  31.175
 08:12:05  -117.852   242.148  31.280
 08:12:35  -117.845   242.155  31.385
 08:13:05  -117.838   242.162  31.489
 08:13:35  -117.831   242.169  31.594
 08:14:05  -117.824   242.176  31.699
 08:14:35  -117.817   242.183  31.804
 08:15:05  -117.810   242.190  31.908
 08:15:35  -117.804   242.196  32.013
 08:16:05  -117.797   242.203  32.118
 08:16:35  -117.791   242.209  32.223
 08:17:05  -117.785   242.215  32.328
 08:17:35  -117.779   242.221  32.432
 08:18:05  -117.773   242.227  32.537
 08:18:35  -117.767   242.233  32.642
 08:19:05  -117.762   242.238  32.747
 08:19:35  -117.756   242.244  32.852
 08:20:05  -117.751   242.249  32.956
 08:20:35  -117.746   242.254  33.061
 08:21:05  -117.741   242.259  33.166
 08:21:35  -117.736   242.264  33.271
 08:22:05  -117.731   242.269  33.376
 08:22:35  -117.726   242.274  33.481
 08:23:05  -117.722   242.278  33.585
 08:23:35  -117.717   242.283  33.690
 08:24:05  -117.713   242.287  33.795
 08:24:35  -117.709   242.291  33.900
 08:25:05  -117.705   242.295  34.005
 08:25:35  -117.701   242.299  34.110
 08:26:05  -117.698   242.302  34.214
 08:26:35  -117.694   242.306  34.319
 08:27:05  -117.691   242.309  34.424
 08:27:35  -117.688   242.312  34.529
 08:28:05  -117.685   242.315  34.634
 08:28:35  -117.682   242.318  34.739
 08:29:05  -117.679   242.321  34.844
 08:29:35  -117.676   242.324  34.949
 08:30:05  -117.674   242.326  35.054
 08:30:35  -117.671   242.329  35.158
 08:31:05  -117.669   242.331  35.263
 08:31:35  -117.667   242.333  35.368
 08:32:05  -117.665   242.335  35.473
 08:32:35  -117.663   242.337  35.578
 08:33:05  -117.662   242.338  35.683
 08:33:35  -117.660   242.340  35.788
 08:34:05  -117.659   242.341  35.893
 08:34:35  -117.658   242.342  35.998
 08:35:05  -117.657   242.343  36.103
 08:35:35  -117.656   242.344  36.207
 08:36:05  -117.655   242.345  36.312
 08:36:35  -117.655   242.345  36.417
 08:37:05  -117.655   242.345  36.522
 08:37:35  -117.654   242.346  36.627
 08:38:05  -117.654   242.346  36.732
 08:38:35  -117.654   242.346  36.837
 08:39:05  -117.655   242.345  36.942
 08:39:35  -117.655   242.345  37.047
 08:40:05  -117.656   242.344  37.152
 08:40:35  -117.656   242.344  37.257
 08:41:05  -117.657   242.343  37.362
 08:41:35  -117.658   242.342  37.466
 08:42:05  -117.659   242.341  37.571
 08:42:35  -117.661   242.339  37.676
 08:43:05  -117.662   242.338  37.781
 08:43:35  -117.664   242.336  37.886
 08:44:05  -117.666   242.334  37.991
 08:44:35  -117.668   242.332  38.096
 08:45:05  -117.670   242.330  38.201
 08:45:35  -117.672   242.328  38.306
 08:46:05  -117.675   242.325  38.411
 08:46:35  -117.678   242.322  38.515
 08:47:05  -117.680   242.320  38.620
 08:47:35  -117.683   242.317  38.725
 08:48:05  -117.687   242.313  38.830
 08:48:35  -117.690   242.310  38.935
 08:49:05  -117.694   242.306  39.040
 08:49:35  -117.697   242.303  39.145
 08:50:05  -117.701   242.299  39.250
 08:50:35  -117.705   242.295  39.354
 08:51:05  -117.709   242.291  39.459
 08:51:35  -117.714   242.286  39.564
 08:52:05  -117.718   242.282  39.669
 08:52:35  -117.723   242.277  39.774
 08:53:05  -117.728   242.272  39.879
 08:53:35  -117.733   242.267  39.984
 08:54:05  -117.739   242.261  40.088
 08:54:35  -117.744   242.256  40.193
 08:55:05  -117.750   242.250  40.298
 08:55:35  -117.756   242.244  40.403
 08:56:05  -117.762   242.238  40.508
 08:56:35  -117.768   242.232  40.612
 08:57:05  -117.774   242.226  40.717
 08:57:35  -117.781   242.219  40.822
 08:58:05  -117.788   242.212  40.927
 08:58:35  -117.794   242.206  41.032
 08:59:05  -117.802   242.198  41.136
 08:59:35  -117.809   242.191  41.241
 09:00:05  -117.817   242.183  41.346
 09:00:35  -117.824   242.176  41.451
 09:01:05  -117.832   242.168  41.555
 09:01:35  -117.840   242.160  41.660
 09:02:05  -117.849   242.151  41.765
 09:02:35  -117.857   242.143  41.870
 09:03:05  -117.866   242.134  41.974
 09:03:35  -117.875   242.125  42.079
 09:04:05  -117.884   242.116  42.184
 09:04:35  -117.893   242.107  42.288
 09:05:05  -117.902   242.098  42.393
 09:05:35  -117.912   242.088  42.498
 09:06:05  -117.922   242.078  42.602
 09:06:35  -117.932   242.068  42.707
 09:07:05  -117.942   242.058  42.812
 09:07:35  -117.953   242.047  42.916
 09:08:05  -117.964   242.036  43.021
 09:08:35  -117.975   242.025  43.126
 09:09:05  -117.986   242.014  43.230
 09:09:35  -117.997   242.003  43.335
 09:10:05  -118.009   241.991  43.439
 09:10:35  -118.020   241.980  43.544
 09:11:05  -118.032   241.968  43.648
 09:11:35  -118.044   241.956  43.753
 09:12:05  -118.057   241.943  43.857
 09:12:35  -118.070   241.930  43.962
 09:13:05  -118.082   241.918  44.066
 09:13:35  -118.095   241.905  44.171
 09:14:05  -118.109   241.891  44.275
 09:14:35  -118.122   241.878  44.380
 09:15:05  -118.136   241.864  44.484
 09:15:35  -118.150   241.850  44.589
 09:16:05  -118.164   241.836  44.693
 09:16:35  -118.178   241.822  44.798
 09:17:05  -118.193   241.807  44.902
 09:17:35  -118.208   241.792  45.006
 09:18:05  -118.223   241.777  45.111
 09:18:35  -118.238   241.762  45.215
 09:19:05  -118.254   241.746  45.320
 09:19:35  -118.270   241.730  45.424
 09:20:05  -118.286   241.714  45.528
 09:20:35  -118.302   241.698  45.632
 09:21:05  -118.319   241.681  45.737
 09:21:35  -118.335   241.665  45.841
 09:22:05  -118.352   241.648  45.945
 09:22:35  -118.370   241.630  46.049
 09:23:05  -118.387   241.613  46.154
 09:23:35  -118.405   241.595  46.258
 09:24:05  -118.423   241.577  46.362
 09:24:35  -118.441   241.559  46.466
 09:25:05  -118.460   241.540  46.570
 09:25:35  -118.478   241.522  46.674
 09:26:05  -118.497   241.503  46.779
 09:26:35  -118.517   241.483  46.883
 09:27:05  -118.536   241.464  46.987
 09:27:35  -118.556   241.444  47.091
 09:28:05  -118.576   241.424  47.195
 09:28:35  -118.596   241.404  47.299
 09:29:05  -118.617   241.383  47.403
 09:29:35  -118.637   241.363  47.507
 09:30:05  -118.659   241.341  47.611
 09:30:35  -118.680   241.320  47.715
 09:31:05  -118.702   241.298  47.818
 09:31:35  -118.723   241.277  47.922
 09:32:05  -118.746   241.254  48.026
 09:32:35  -118.768   241.232  48.130
 09:33:05  -118.791   241.209  48.234
 09:33:35  -118.814   241.186  48.338
 09:34:05  -118.837   241.163  48.441
 09:34:35  -118.861   241.139  48.545
 09:35:05  -118.884   241.116  48.649
 09:35:35  -118.909   241.091  48.753
 09:36:05  -118.933   241.067  48.856
 09:36:35  -118.958   241.042  48.960
 09:37:05  -118.983   241.017  49.063
 09:37:35  -119.008   240.992  49.167
 09:38:05  -119.034   240.966  49.271
 09:38:35  -119.060   240.940  49.374
 09:39:05  -119.086   240.914  49.478
 09:39:35  -119.112   240.888  49.581
 09:40:05  -119.139   240.861  49.685
 09:40:35  -119.166   240.834  49.788
 09:41:05  -119.194   240.806  49.892
 09:41:35  -119.221   240.779  49.995
 09:42:05  -119.249   240.751  50.098
 09:42:35  -119.278   240.722  50.202
 09:43:05  -119.306   240.694  50.305
 09:43:35  -119.335   240.665  50.408
 09:44:05  -119.365   240.635  50.511
 09:44:35  -119.394   240.606  50.615
 09:45:05  -119.424   240.576  50.718
 09:45:35  -119.454   240.546  50.821
 09:46:05  -119.485   240.515  50.924
 09:46:35  -119.516   240.484  51.027
 09:47:05  -119.547   240.453  51.130
 09:47:35  -119.579   240.421  51.233
 09:48:05  -119.611   240.389  51.336
 09:48:35  -119.643   240.357  51.439
 09:49:05  -119.676   240.324  51.542
 09:49:35  -119.709   240.291  51.645
 09:50:05  -119.742   240.258  51.748
 09:50:35  -119.776   240.224  51.851
 09:51:05  -119.810   240.190  51.953
 09:51:35  -119.844   240.156  52.056
 09:52:05  -119.879   240.121  52.159
 09:52:35  -119.914   240.086  52.262
 09:53:05  -119.950   240.050  52.364
 09:53:35  -119.986   240.014  52.467
 09:54:05  -120.022   239.978  52.569
 09:54:35  -120.058   239.942  52.672
 09:55:05  -120.095   239.905  52.774
 09:55:35  -120.133   239.867  52.877
 09:56:05  -120.170   239.830  52.979
 09:56:35  -120.209   239.791  53.082
 09:57:05  -120.247   239.753  53.184
 09:57:35  -120.286   239.714  53.286
 09:58:05  -120.325   239.675  53.389
 09:58:35  -120.365   239.635  53.491
 09:59:05  -120.405   239.595  53.593
 09:59:35  -120.445   239.555  53.695
 10:00:05  -120.486   239.514  53.797
 10:00:35  -120.528   239.472  53.899
 10:01:05  -120.569   239.431  54.001
 10:01:35  -120.611   239.389  54.103
 10:02:05  -120.654   239.346  54.205
 10:02:35  -120.697   239.303  54.307
 10:03:05  -120.740   239.260  54.409
 10:03:35  -120.784   239.216  54.511
 10:04:05  -120.828   239.172  54.612
 10:04:35  -120.873   239.127  54.714
 10:05:05  -120.918   239.082  54.816
 10:05:35  -120.963   239.037  54.917
 10:06:05  -121.009   238.991  55.019
 10:06:35  -121.056   238.944  55.120
 10:07:05  -121.103   238.897  55.222
 10:07:35  -121.150   238.850  55.323
 10:08:05  -121.198   238.802  55.424
 10:08:35  -121.246   238.754  55.526
 10:09:05  -121.295   238.705  55.627
 10:09:35  -121.344   238.656  55.728
 10:10:05  -121.394   238.606  55.829
 10:10:35  -121.444   238.556  55.930
 10:11:05  -121.494   238.506  56.031
 10:11:35  -121.545   238.455  56.132
 10:12:05  -121.597   238.403  56.233
 10:12:35  -121.649   238.351  56.334
 10:13:05  -121.701   238.299  56.435
 10:13:35  -121.754   238.246  56.536
 10:14:05  -121.808   238.192  56.636
 10:14:35  -121.862   238.138  56.737
 10:15:05  -121.917   238.083  56.837
 10:15:35  -121.972   238.028  56.938
 10:16:05  -122.027   237.973  57.038
 10:16:35  -122.083   237.917  57.139
 10:17:05  -122.140   237.860  57.239
 10:17:35  -122.197   237.803  57.339
 10:18:05  -122.255   237.745  57.440
 10:18:35  -122.313   237.687  57.540
 10:19:05  -122.372   237.628  57.640
 10:19:35  -122.431   237.569  57.740
 10:20:05  -122.491   237.509  57.840
 10:20:35  -122.552   237.448  57.940
 10:21:05  -122.613   237.387  58.039
 10:21:35  -122.674   237.326  58.139
 10:22:05  -122.736   237.264  58.239
 10:22:35  -122.799   237.201  58.338
 10:23:05  -122.862   237.138  58.438
 10:23:35  -122.926   237.074  58.537
 10:24:05  -122.991   237.009  58.637
 10:24:35  -123.056   236.944  58.736
 10:25:05  -123.122   236.878  58.835
 10:25:35  -123.188   236.812  58.934
 10:26:05  -123.255   236.745  59.034
 10:26:35  -123.322   236.678  59.133
 10:27:05  -123.391   236.609  59.231
 10:27:35  -123.459   236.541  59.330
 10:28:05  -123.529   236.471  59.429
 10:28:35  -123.599   236.401  59.528
 10:29:05  -123.670   236.330  59.626
 10:29:35  -123.741   236.259  59.725
 10:30:05  -123.813   236.187  59.823
 10:30:35  -123.886   236.114  59.922
 10:31:05  -123.959   236.041  60.020
 10:31:35  -124.033   235.967  60.118
 10:32:05  -124.108   235.892  60.216
 10:32:35  -124.183   235.817  60.314
 10:33:05  -124.259   235.741  60.412
 10:33:35  -124.336   235.664  60.510
 10:34:05  -124.413   235.587  60.608
 10:34:35  -124.491   235.509  60.706
 10:35:05  -124.570   235.430  60.803
 10:35:35  -124.650   235.350  60.901
 10:36:05  -124.730   235.270  60.998
 10:36:35  -124.811   235.189  61.095
 10:37:05  -124.893   235.107  61.193
 10:37:35  -124.976   235.024  61.290
 10:38:05  -125.059   234.941  61.387
 10:38:35  -125.143   234.857  61.484
 10:39:05  -125.228   234.772  61.580
 10:39:35  -125.314   234.686  61.677
 10:40:05  -125.400   234.600  61.774
 10:40:35  -125.487   234.513  61.870
 10:41:05  -125.575   234.425  61.967
 10:41:35  -125.664   234.336  62.063
 10:42:05  -125.754   234.246  62.159
 10:42:35  -125.844   234.156  62.255
 10:43:05  -125.935   234.065  62.351
 10:43:35  -126.027   233.973  62.447
 10:44:05  -126.120   233.880  62.543
 10:44:35  -126.214   233.786  62.638
 10:45:05  -126.309   233.691  62.734
 10:45:35  -126.404   233.596  62.829
 10:46:05  -126.501   233.499  62.924
 10:46:35  -126.598   233.402  63.019
 10:47:05  -126.696   233.304  63.115
 10:47:35  -126.795   233.205  63.209
 10:48:05  -126.895   233.105  63.304
 10:48:35  -126.996   233.004  63.399
 10:49:05  -127.098   232.902  63.493
 10:49:35  -127.200   232.800  63.588
 10:50:05  -127.304   232.696  63.682
 10:50:35  -127.409   232.591  63.776
 10:51:05  -127.514   232.486  63.870
 10:51:35  -127.621   232.379  63.964
 10:52:05  -127.728   232.272  64.058
 10:52:35  -127.837   232.163  64.151
 10:53:05  -127.946   232.054  64.245
 10:53:35  -128.056   231.944  64.338
 10:54:05  -128.168   231.832  64.431
 10:54:35  -128.280   231.720  64.525
 10:55:05  -128.394   231.606  64.617
 10:55:35  -128.508   231.492  64.710
 10:56:05  -128.624   231.376  64.803
 10:56:35  -128.741   231.259  64.895
 10:57:05  -128.858   231.142  64.988
 10:57:35  -128.977   231.023  65.080
 10:58:05  -129.097   230.903  65.172
 10:58:35  -129.218   230.782  65.264
 10:59:05  -129.340   230.660  65.355
 10:59:35  -129.463   230.537  65.447
 11:00:05  -129.588   230.412  65.538
 11:00:35  -129.713   230.287  65.629
 11:01:05  -129.840   230.160  65.720
 11:01:35  -129.968   230.032  65.811
 11:02:05  -130.096   229.904  65.902
 11:02:35  -130.227   229.773  65.992
 11:03:05  -130.358   229.642  66.083
 11:03:35  -130.490   229.510  66.173
 11:04:05  -130.624   229.376  66.263
 11:04:35  -130.759   229.241  66.353
 11:05:05  -130.895   229.105  66.442
 11:05:35  -131.033   228.967  66.532
 11:06:05  -131.172   228.828  66.621
 11:06:35  -131.312   228.688  66.710
 11:07:05  -131.453   228.547  66.799
 11:07:35  -131.595   228.405  66.888
 11:08:05  -131.739   228.261  66.976
 11:08:35  -131.884   228.116  67.064
 11:09:05  -132.031   227.969  67.152
 11:09:35  -132.179   227.821  67.240
 11:10:05  -132.328   227.672  67.328
 11:10:35  -132.479   227.521  67.415
 11:11:05  -132.631   227.369  67.503
 11:11:35  -132.784   227.216  67.590
 11:12:05  -132.939   227.061  67.677
 11:12:35  -133.095   226.905  67.763
 11:13:05  -133.253   226.747  67.850
 11:13:35  -133.412   226.588  67.936
 11:14:05  -133.572   226.428  68.022
 11:14:35  -133.734   226.266  68.107
 11:15:05  -133.898   226.102  68.193
 11:15:35  -134.063   225.937  68.278
 11:16:05  -134.229   225.771  68.363
 11:16:35  -134.397   225.603  68.448
 11:17:05  -134.567   225.433  68.532
 11:17:35  -134.738   225.262  68.617
 11:18:05  -134.911   225.089  68.701
 11:18:35  -135.085   224.915  68.784
 11:19:05  -135.261   224.739  68.868
 11:19:35  -135.438   224.562  68.951
 11:20:05  -135.617   224.383  69.034
 11:20:35  -135.798   224.202  69.117
 11:21:05  -135.980   224.020  69.199
 11:21:35  -136.164   223.836  69.281
 11:22:05  -136.350   223.650  69.363
 11:22:35  -136.537   223.463  69.445
 11:23:05  -136.727   223.273  69.526
 11:23:35  -136.917   223.083  69.607
 11:24:05  -137.110   222.890  69.688
 11:24:35  -137.304   222.696  69.768
 11:25:05  -137.500   222.500  69.849
 11:25:35  -137.698   222.302  69.928
 11:26:05  -137.898   222.102  70.008
 11:26:35  -138.099   221.901  70.087
 11:27:05  -138.302   221.698  70.166
 11:27:35  -138.508   221.492  70.245
 11:28:05  -138.715   221.285  70.323
 11:28:35  -138.923   221.077  70.401
 11:29:05  -139.134   220.866  70.479
 11:29:35  -139.347   220.653  70.556
 11:30:05  -139.561   220.439  70.633
 11:30:35  -139.777   220.223  70.710
 11:31:05  -139.996   220.004  70.786
 11:31:35  -140.216   219.784  70.862
 11:32:05  -140.438   219.562  70.938
 11:32:35  -140.663   219.337  71.013
 11:33:05  -140.889   219.111  71.088
 11:33:35  -141.117   218.883  71.162
 11:34:05  -141.347   218.653  71.237
 11:34:35  -141.580   218.420  71.310
 11:35:05  -141.814   218.186  71.384
 11:35:35  -142.050   217.950  71.457
 11:36:05  -142.289   217.711  71.529
 11:36:35  -142.529   217.471  71.602
 11:37:05  -142.772   217.228  71.674
 11:37:35  -143.017   216.983  71.745
 11:38:05  -143.264   216.736  71.816
 11:38:35  -143.513   216.487  71.887
 11:39:05  -143.764   216.236  71.957
 11:39:35  -144.017   215.983  72.027
 11:40:05  -144.273   215.727  72.096
 11:40:35  -144.530   215.470  72.165
 11:41:05  -144.790   215.210  72.234
 11:41:35  -145.052   214.948  72.302
 11:42:05  -145.317   214.683  72.369
 11:42:35  -145.583   214.417  72.436
 11:43:05  -145.852   214.148  72.503
 11:43:35  -146.123   213.877  72.569
 11:44:05  -146.396   213.604  72.635
 11:44:35  -146.672   213.328  72.700
 11:45:05  -146.950   213.050  72.765
 11:45:35  -147.230   212.770  72.830
 11:46:05  -147.513   212.487  72.894
 11:46:35  -147.797   212.203  72.957
 11:47:05  -148.084   211.916  73.020
 11:47:35  -148.374   211.626  73.082
 11:48:05  -148.665   211.335  73.144
 11:48:35  -148.960   211.040  73.205
 11:49:05  -149.256   210.744  73.266
 11:49:35  -149.555   210.445  73.326
 11:50:05  -149.856   210.144  73.386
 11:50:35  -150.159   209.841  73.445
 11:51:05  -150.465   209.535  73.504
 11:51:35  -150.773   209.227  73.562
 11:52:05  -151.084   208.916  73.620
 11:52:35  -151.396   208.604  73.677
 11:53:05  -151.712   208.288  73.733
 11:53:35  -152.029   207.971  73.789
 11:54:05  -152.349   207.651  73.844
 11:54:35  -152.672   207.328  73.899
 11:55:05  -152.996   207.004  73.953
 11:55:35  -153.323   206.677  74.006
 11:56:05  -153.653   206.347  74.059
 11:56:35  -153.985   206.015  74.112
 11:57:05  -154.319   205.681  74.163
 11:57:35  -154.655   205.345  74.214
 11:58:05  -154.994   205.006  74.265
 11:58:35  -155.335   204.665  74.314
 11:59:05  -155.678   204.322  74.363
 11:59:35  -156.024   203.976  74.412
 12:00:05  -156.372   203.628  74.460
 12:00:35  -156.723   203.277  74.507
 12:01:05  -157.075   202.925  74.553
 12:01:35  -157.430   202.570  74.599
 12:02:05  -157.787   202.213  74.644
 12:02:35  -158.147   201.853  74.689
 12:03:05  -158.508   201.492  74.732
 12:03:35  -158.872   201.128  74.775
 12:04:05  -159.238   200.762  74.818
 12:04:35  -159.606   200.394  74.859
 12:05:05  -159.977   200.023  74.900
 12:05:35  -160.349   199.651  74.940
 12:06:05  -160.724   199.276  74.980
 12:06:35  -161.100   198.900  75.019
 12:07:05  -161.479   198.521  75.057
 12:07:35  -161.860   198.140  75.094
 12:08:05  -162.243   197.757  75.130
 12:08:35  -162.628   197.372  75.166
 12:09:05  -163.014   196.986  75.201
 12:09:35  -163.403   196.597  75.235
 12:10:05  -163.794   196.206  75.269
 12:10:35  -164.186   195.814  75.301
 12:11:05  -164.581   195.419  75.333
 12:11:35  -164.977   195.023  75.364
 12:12:05  -165.375   194.625  75.395
 12:12:35  -165.774   194.226  75.424
 12:13:05  -166.176   193.824  75.453
 12:13:35  -166.579   193.421  75.481
 12:14:05  -166.983   193.017  75.508
 12:14:35  -167.390   192.610  75.534
 12:15:05  -167.797   192.203  75.560
 12:15:35  -168.207   191.793  75.584
 12:16:05  -168.617   191.383  75.608
 12:16:35  -169.030   190.970  75.631
 12:17:05  -169.443   190.557  75.653
 12:17:35  -169.858   190.142  75.674
 12:18:05  -170.274   189.726  75.695
 12:18:35  -170.692   189.308  75.714
 12:19:05  -171.110   188.890  75.733
 12:19:35  -171.530   188.470  75.751
 12:20:05  -171.951   188.049  75.768
 12:20:35  -172.373   187.627  75.784
 12:21:05  -172.796   187.204  75.800
 12:21:35  -173.219   186.781  75.814
 12:22:05  -173.644   186.356  75.827
 12:22:35  -174.070   185.930  75.840
 12:23:05  -174.496   185.504  75.852
 12:23:35  -174.923   185.077  75.863
 12:24:05  -175.351   184.649  75.873
 12:24:35  -175.779   184.221  75.882
 12:25:05  -176.208   183.792  75.890
 12:25:35  -176.637   183.363  75.898
 12:26:05  -177.067   182.933  75.904
 12:26:35  -177.498   182.502  75.910
 12:27:05  -177.928   182.072  75.915
 12:27:35  -178.359   181.641  75.918
 12:28:05  -178.790   181.210  75.921
 12:28:35  -179.221   180.779  75.923
 12:29:05  -179.653   180.347  75.925
 12:29:35  -180.084   179.916  75.925
 12:30:05  -180.515   179.485  75.924
 12:30:35  -180.947   179.053  75.923
 12:31:05  -181.378   178.622  75.920
 12:31:35  -181.809   178.191  75.917
 12:32:05  -182.240   177.760  75.913
 12:32:35  -182.670   177.330  75.908
 12:33:05  -183.100   176.900  75.902
 12:33:35  -183.530   176.470  75.895
 12:34:05  -183.959   176.041  75.887
 12:34:35  -184.388   175.612  75.879
 12:35:05  -184.816   175.184  75.869
 12:35:35  -185.243   174.757  75.859
 12:36:05  -185.670   174.330  75.847
 12:36:35  -186.096   173.904  75.835
 12:37:05  -186.521   173.479  75.822
 12:37:35  -186.946   173.054  75.808
 12:38:05  -187.369   172.631  75.794
 12:38:35  -187.792   172.208  75.778
 12:39:05  -188.213   171.787  75.762
 12:39:35  -188.633   171.367  75.744
 12:40:05  -189.053   170.947  75.726
 12:40:35  -189.471   170.529  75.707
 12:41:05  -189.888   170.112  75.687
 12:41:35  -190.303   169.697  75.666
 12:42:05  -190.718   169.282  75.645
 12:42:35  -191.131   168.869  75.622
 12:43:05  -191.543   168.457  75.599
 12:43:35  -191.953   168.047  75.575
 12:44:05  -192.361   167.639  75.550
 12:44:35  -192.769   167.231  75.524
 12:45:05  -193.174   166.826  75.498
 12:45:35  -193.578   166.422  75.470
 12:46:05  -193.981   166.019  75.442
 12:46:35  -194.381   165.619  75.413
 12:47:05  -194.780   165.220  75.383
 12:47:35  -195.178   164.822  75.352
 12:48:05  -195.573   164.427  75.321
 12:48:35  -195.967   164.033  75.289
 12:49:05  -196.359   163.641  75.256
 12:49:35  -196.748   163.252  75.222
 12:50:05  -197.136   162.864  75.188
 12:50:35  -197.522   162.478  75.152
 12:51:05  -197.906   162.094  75.116
 12:51:35  -198.288   161.712  75.080
 12:52:05  -198.668   161.332  75.042
 12:52:35  -199.046   160.954  75.004
 12:53:05  -199.422   160.578  74.965
 12:53:35  -199.796   160.204  74.925
 12:54:05  -200.168   159.832  74.884
 12:54:35  -200.537   159.463  74.843
 12:55:05  -200.905   159.095  74.801
 12:55:35  -201.270   158.730  74.759
 12:56:05  -201.633   158.367  74.715
 12:56:35  -201.994   158.006  74.671
 12:57:05  -202.352   157.648  74.627
 12:57:35  -202.708   157.292  74.581
 12:58:05  -203.062   156.938  74.535
 12:58:35  -203.414   156.586  74.489
 12:59:05  -203.764   156.236  74.441
 12:59:35  -204.111   155.889  74.393
 13:00:05  -204.456   155.544  74.344
 13:00:35  -204.798   155.202  74.295
 13:01:05  -205.138   154.862  74.245
 13:01:35  -205.476   154.524  74.194
 13:02:05  -205.812   154.188  74.143
 13:02:35  -206.145   153.855  74.091
 13:03:05  -206.476   153.524  74.039
 13:03:35  -206.804   153.196  73.986
 13:04:05  -207.130   152.870  73.932
 13:04:35  -207.454   152.546  73.878
 13:05:05  -207.776   152.224  73.823
 13:05:35  -208.095   151.905  73.767
 13:06:05  -208.411   151.589  73.711
 13:06:35  -208.726   151.274  73.655
 13:07:05  -209.038   150.962  73.597
 13:07:35  -209.347   150.653  73.540
 13:08:05  -209.654   150.346  73.481
 13:08:35  -209.959   150.041  73.422
 13:09:05  -210.262   149.738  73.363
 13:09:35  -210.562   149.438  73.303
 13:10:05  -210.860   149.140  73.242
 13:10:35  -211.155   148.845  73.181
 13:11:05  -211.448   148.552  73.120
 13:11:35  -211.739   148.261  73.058
 13:12:05  -212.028   147.972  72.995
 13:12:35  -212.314   147.686  72.932
 13:13:05  -212.598   147.402  72.869
 13:13:35  -212.879   147.121  72.805
 13:14:05  -213.159   146.841  72.740
 13:14:35  -213.435   146.565  72.675
 13:15:05  -213.710   146.290  72.610
 13:15:35  -213.983   146.017  72.544
 13:16:05  -214.253   145.747  72.477
 13:16:35  -214.521   145.479  72.410
 13:17:05  -214.787   145.213  72.343
 13:17:35  -215.050   144.950  72.275
 13:18:05  -215.311   144.689  72.207
 13:18:35  -215.570   144.430  72.138
 13:19:05  -215.827   144.173  72.069
 13:19:35  -216.082   143.918  72.000
 13:20:05  -216.334   143.666  71.930
 13:20:35  -216.585   143.415  71.859
 13:21:05  -216.833   143.167  71.788
 13:21:35  -217.079   142.921  71.717
 13:22:05  -217.323   142.677  71.646
 13:22:35  -217.565   142.435  71.574
 13:23:05  -217.804   142.196  71.501
 13:23:35  -218.042   141.958  71.428
 13:24:05  -218.278   141.722  71.355
 13:24:35  -218.511   141.489  71.282
 13:25:05  -218.743   141.257  71.208
 13:25:35  -218.972   141.028  71.133
 13:26:05  -219.199   140.801  71.059
 13:26:35  -219.425   140.575  70.984
 13:27:05  -219.648   140.352  70.908
 13:27:35  -219.870   140.130  70.833
 13:28:05  -220.089   139.911  70.756
 13:28:35  -220.307   139.693  70.680
 13:29:05  -220.523   139.477  70.603
 13:29:35  -220.736   139.264  70.526
 13:30:05  -220.948   139.052  70.449
 13:30:35  -221.158   138.842  70.371
 13:31:05  -221.366   138.634  70.293
 13:31:35  -221.573   138.427  70.214
 13:32:05  -221.777   138.223  70.136
 13:32:35  -221.979   138.021  70.056
 13:33:05  -222.180   137.820  69.977
 13:33:35  -222.379   137.621  69.897
 13:34:05  -222.576   137.424  69.817
 13:34:35  -222.772   137.228  69.737
 13:35:05  -222.965   137.035  69.657
 13:35:35  -223.157   136.843  69.576
 13:36:05  -223.347   136.653  69.495
 13:36:35  -223.536   136.464  69.413
 13:37:05  -223.722   136.278  69.331
 13:37:35  -223.907   136.093  69.249
 13:38:05  -224.091   135.909  69.167
 13:38:35  -224.273   135.727  69.085
 13:39:05  -224.453   135.547  69.002
 13:39:35  -224.631   135.369  68.919
 13:40:05  -224.808   135.192  68.835
 13:40:35  -224.983   135.017  68.752
 13:41:05  -225.157   134.843  68.668
 13:41:35  -225.329   134.671  68.584
 13:42:05  -225.499   134.501  68.499
 13:42:35  -225.668   134.332  68.415
 13:43:05  -225.836   134.164  68.330
 13:43:35  -226.002   133.998  68.245
 13:44:05  -226.166   133.834  68.160
 13:44:35  -226.329   133.671  68.074
 13:45:05  -226.490   133.510  67.988
 13:45:35  -226.650   133.350  67.902
 13:46:05  -226.809   133.191  67.816
 13:46:35  -226.966   133.034  67.729
 13:47:05  -227.122   132.878  67.643
 13:47:35  -227.276   132.724  67.556
 13:48:05  -227.429   132.571  67.469
 13:48:35  -227.580   132.420  67.381
 13:49:05  -227.730   132.270  67.294
 13:49:35  -227.879   132.121  67.206
 13:50:05  -228.026   131.974  67.118
 13:50:35  -228.172   131.828  67.030
 13:51:05  -228.317   131.683  66.942
 13:51:35  -228.460   131.540  66.853
 13:52:05  -228.602   131.398  66.764
 13:52:35  -228.743   131.257  66.675
 13:53:05  -228.883   131.117  66.586
 13:53:35  -229.021   130.979  66.497
 13:54:05  -229.158   130.842  66.407
 13:54:35  -229.294   130.706  66.318
 13:55:05  -229.428   130.572  66.228
 13:55:35  -229.561   130.439  66.138
 13:56:05  -229.693   130.307  66.048
 13:56:35  -229.824   130.176  65.957
 13:57:05  -229.954   130.046  65.867
 13:57:35  -230.082   129.918  65.776
 13:58:05  -230.210   129.790  65.685
 13:58:35  -230.336   129.664  65.594
 13:59:05  -230.461   129.539  65.503
 13:59:35  -230.585   129.415  65.411
 14:00:05  -230.708   129.292  65.320
 14:00:35  -230.829   129.171  65.228
 14:01:05  -230.950   129.050  65.136
 14:01:35  -231.069   128.931  65.044
 14:02:05  -231.188   128.812  64.952
 14:02:35  -231.305   128.695  64.859
 14:03:05  -231.421   128.579  64.767
 14:03:35  -231.536   128.464  64.674
 14:04:05  -231.650   128.350  64.581
 14:04:35  -231.764   128.236  64.488
 14:05:05  -231.876   128.124  64.395
 14:05:35  -231.987   128.013  64.302
 14:06:05  -232.097   127.903  64.209
 14:06:35  -232.206   127.794  64.115
 14:07:05  -232.314   127.686  64.021
 14:07:35  -232.421   127.579  63.928
 14:08:05  -232.527   127.473  63.834
 14:08:35  -232.632   127.368  63.740
 14:09:05  -232.737   127.263  63.645
 14:09:35  -232.840   127.160  63.551
 14:10:05  -232.942   127.058  63.457
 14:10:35  -233.044   126.956  63.362
 14:11:05  -233.144   126.856  63.267
 14:11:35  -233.244   126.756  63.172
 14:12:05  -233.342   126.658  63.078
 14:12:35  -233.440   126.560  62.982
 14:13:05  -233.537   126.463  62.887
 14:13:35  -233.633   126.367  62.792
 14:14:05  -233.728   126.272  62.697
 14:14:35  -233.822   126.178  62.601
 14:15:05  -233.916   126.084  62.505
 14:15:35  -234.009   125.991  62.410
 14:16:05  -234.100   125.900  62.314
 14:16:35  -234.191   125.809  62.218
 14:17:05  -234.281   125.719  62.122
 14:17:35  -234.371   125.629  62.025
 14:18:05  -234.459   125.541  61.929
 14:18:35  -234.547   125.453  61.833
 14:19:05  -234.634   125.366  61.736
 14:19:35  -234.720   125.280  61.639
 14:20:05  -234.805   125.195  61.543
 14:20:35  -234.890   125.110  61.446
 14:21:05  -234.973   125.027  61.349
 14:21:35  -235.056   124.944  61.252
 14:22:05  -235.139   124.861  61.155
 14:22:35  -235.220   124.780  61.057
 14:23:05  -235.301   124.699  60.960
 14:23:35  -235.381   124.619  60.863
 14:24:05  -235.460   124.540  60.765
 14:24:35  -235.539   124.461  60.668
 14:25:05  -235.617   124.383  60.570
 14:25:35  -235.694   124.306  60.472
 14:26:05  -235.771   124.229  60.374
 14:26:35  -235.846   124.154  60.276
 14:27:05  -235.922   124.078  60.178
 14:27:35  -235.996   124.004  60.080
 14:28:05  -236.070   123.930  59.982
 14:28:35  -236.143   123.857  59.883
 14:29:05  -236.215   123.785  59.785
 14:29:35  -236.287   123.713  59.687
 14:30:05  -236.358   123.642  59.588
 14:30:35  -236.429   123.571  59.489
 14:31:05  -236.498   123.502  59.391
 14:31:35  -236.567   123.433  59.292
 14:32:05  -236.636   123.364  59.193
 14:32:35  -236.704   123.296  59.094
 14:33:05  -236.771   123.229  58.995
 14:33:35  -236.838   123.162  58.896
 14:34:05  -236.904   123.096  58.797
 14:34:35  -236.969   123.031  58.697
 14:35:05  -237.034   122.966  58.598
 14:35:35  -237.099   122.901  58.499
 14:36:05  -237.162   122.838  58.399
 14:36:35  -237.225   122.775  58.300
 14:37:05  -237.288   122.712  58.200
 14:37:35  -237.350   122.650  58.100
 14:38:05  -237.411   122.589  58.001
 14:38:35  -237.472   122.528  57.901
 14:39:05  -237.532   122.468  57.801
 14:39:35  -237.592   122.408  57.701
 14:40:05  -237.651   122.349  57.601
 14:40:35  -237.710   122.290  57.501
 14:41:05  -237.768   122.232  57.401
 14:41:35  -237.825   122.175  57.300
 14:42:05  -237.882   122.118  57.200
 14:42:35  -237.938   122.062  57.100
 14:43:05  -237.994   122.006  56.999
 14:43:35  -238.050   121.950  56.899
 14:44:05  -238.105   121.895  56.798
 14:44:35  -238.159   121.841  56.698
 14:45:05  -238.213   121.787  56.597
 14:45:35  -238.266   121.734  56.496
 14:46:05  -238.319   121.681  56.396
 14:46:35  -238.371   121.629  56.295
 14:47:05  -238.423   121.577  56.194
 14:47:35  -238.475   121.525  56.093
 14:48:05  -238.526   121.474  55.992
 14:48:35  -238.576   121.424  55.891
 14:49:05  -238.626   121.374  55.790
 14:49:35  -238.675   121.325  55.689
 14:50:05  -238.724   121.276  55.588
 14:50:35  -238.773   121.227  55.486
 14:51:05  -238.821   121.179  55.385
 14:51:35  -238.868   121.132  55.284
 14:52:05  -238.916   121.084  55.182
 14:52:35  -238.962   121.038  55.081
 14:53:05  -239.009   120.991  54.979
 14:53:35  -239.054   120.946  54.878
 14:54:05  -239.100   120.900  54.776
 14:54:35  -239.145   120.855  54.674
 14:55:05  -239.189   120.811  54.573
 14:55:35  -239.233   120.767  54.471
 14:56:05  -239.277   120.723  54.369
 14:56:35  -239.320   120.680  54.267
 14:57:05  -239.363   120.637  54.165
 14:57:35  -239.405   120.595  54.064
 14:58:05  -239.447   120.553  53.962
 14:58:35  -239.489   120.511  53.860
 14:59:05  -239.530   120.470  53.757
 14:59:35  -239.570   120.430  53.655
 15:00:05  -239.611   120.389  53.553
 15:00:35  -239.651   120.349  53.451
 15:01:05  -239.690   120.310  53.349
 15:01:35  -239.729   120.271  53.247
 15:02:05  -239.768   120.232  53.144
 15:02:35  -239.806   120.194  53.042
 15:03:05  -239.844   120.156  52.939
 15:03:35  -239.882   120.118  52.837
 15:04:05  -239.919   120.081  52.735
 15:04:35  -239.956   120.044  52.632
 15:05:05  -239.992   120.008  52.529
 15:05:35  -240.028   119.972  52.427
 15:06:05  -240.064   119.936  52.324
 15:06:35  -240.099   119.901  52.222
 15:07:05  -240.134   119.866  52.119
 15:07:35  -240.169   119.831  52.016
 15:08:05  -240.203   119.797  51.913
 15:08:35  -240.237   119.763  51.811
 15:09:05  -240.271   119.729  51.708
 15:09:35  -240.304   119.696  51.605
 15:10:05  -240.337   119.663  51.502
 15:10:35  -240.369   119.631  51.399
 15:11:05  -240.402   119.598  51.296
 15:11:35  -240.433   119.567  51.193
 15:12:05  -240.465   119.535  51.090
 15:12:35  -240.496   119.504  50.987
 15:13:05  -240.527   119.473  50.884
 15:13:35  -240.557   119.443  50.781
 15:14:05  -240.587   119.413  50.678
 15:14:35  -240.617   119.383  50.574
 15:15:05  -240.647   119.353  50.471
 15:15:35  -240.676   119.324  50.368
 15:16:05  -240.705   119.295  50.265
 15:16:35  -240.733   119.267  50.161
 15:17:05  -240.762   119.238  50.058
 15:17:35  -240.790   119.210  49.955
 15:18:05  -240.817   119.183  49.851
 15:18:35  -240.844   119.156  49.748
 15:19:05  -240.871   119.129  49.644
 15:19:35  -240.898   119.102  49.541
 15:20:05  -240.925   119.075  49.437
 15:20:35  -240.951   119.049  49.334
 15:21:05  -240.976   119.024  49.230
 15:21:35  -241.002   118.998  49.127
 15:22:05  -241.027   118.973  49.023
 15:22:35  -241.052   118.948  48.920
 15:23:05  -241.077   118.923  48.816
 15:23:35  -241.101   118.899  48.712
 15:24:05  -241.125   118.875  48.608
 15:24:35  -241.149   118.851  48.505
 15:25:05  -241.172   118.828  48.401
 15:25:35  -241.195   118.805  48.297
 15:26:05  -241.218   118.782  48.193
 15:26:35  -241.241   118.759  48.090
 15:27:05  -241.263   118.737  47.986
 15:27:35  -241.285   118.715  47.882
 15:28:05  -241.307   118.693  47.778
 15:28:35  -241.328   118.672  47.674
 15:29:05  -241.350   118.650  47.570
 15:29:35  -241.371   118.629  47.466
 15:30:05  -241.391   118.609  47.362
 15:30:35  -241.412   118.588  47.258
 15:31:05  -241.432   118.568  47.154
 15:31:35  -241.452   118.548  47.050
 15:32:05  -241.472   118.528  46.946
 15:32:35  -241.491   118.509  46.842
 15:33:05  -241.510   118.490  46.738
 15:33:35  -241.529   118.471  46.634
 15:34:05  -241.548   118.452  46.530
 15:34:35  -241.566   118.434  46.426
 15:35:05  -241.584   118.416  46.321
 15:35:35  -241.602   118.398  46.217
 15:36:05  -241.620   118.380  46.113
 15:36:35  -241.637   118.363  46.009
 15:37:05  -241.654   118.346  45.905
 15:37:35  -241.671   118.329  45.800
 15:38:05  -241.688   118.312  45.696
 15:38:35  -241.704   118.296  45.592
 15:39:05  -241.720   118.280  45.488
 15:39:35  -241.736   118.264  45.383
 15:40:05  -241.752   118.248  45.279
 15:40:35  -241.768   118.232  45.175
 15:41:05  -241.783   118.217  45.070
 15:41:35  -241.798   118.202  44.966
 15:42:05  -241.813   118.187  44.861
 15:42:35  -241.827   118.173  44.757
 15:43:05  -241.841   118.159  44.653
 15:43:35  -241.856   118.144  44.548
 15:44:05  -241.869   118.131  44.444
 15:44:35  -241.883   118.117  44.339
 15:45:05  -241.896   118.104  44.235
 15:45:35  -241.910   118.090  44.130
 15:46:05  -241.923   118.077  44.026
 15:46:35  -241.935   118.065  43.921
 15:47:05  -241.948   118.052  43.817
 15:47:35  -241.960   118.040  43.712
 15:48:05  -241.972   118.028  43.608
 15:48:35  -241.984   118.016  43.503
 15:49:05  -241.996   118.004  43.399
 15:49:35  -242.007   117.993  43.294
 15:50:05  -242.019   117.981  43.189
 15:50:35  -242.030   117.970  43.085
 15:51:05  -242.041   117.959  42.980
 15:51:35  -242.051   117.949  42.876
 15:52:05  -242.062   117.938  42.771
 15:52:35  -242.072   117.928  42.666
 15:53:05  -242.082   117.918  42.562
 15:53:35  -242.092   117.908  42.457
 15:54:05  -242.101   117.899  42.352
 15:54:35  -242.111   117.889  42.248
 15:55:05  -242.120   117.880  42.143
 15:55:35  -242.129   117.871  42.038
 15:56:05  -242.138   117.862  41.934
 15:56:35  -242.146   117.854  41.829
 15:57:05  -242.155   117.845  41.724
 15:57:35  -242.163   117.837  41.619
 15:58:05  -242.171   117.829  41.515
 15:58:35  -242.179   117.821  41.410
 15:59:05  -242.186   117.814  41.305
 15:59:35  -242.194   117.806  41.200
 16:00:05  -242.201   117.799  41.096
 16:00:35  -242.208   117.792  40.991
 16:01:05  -242.215   117.785  40.886
 16:01:35  -242.222   117.778  40.781
 16:02:05  -242.228   117.772  40.676
 16:02:35  -242.235   117.765  40.572
 16:03:05  -242.241   117.759  40.467
 16:03:35  -242.247   117.753  40.362
 16:04:05  -242.253   117.747  40.257
 16:04:35  -242.258   117.742  40.152
 16:05:05  -242.264   117.736  40.048
 16:05:35  -242.269   117.731  39.943
 16:06:05  -242.274   117.726  39.838
 16:06:35  -242.279   117.721  39.733
 16:07:05  -242.283   117.717  39.628
 16:07:35  -242.288   117.712  39.523
 16:08:05  -242.292   117.708  39.418
 16:08:35  -242.296   117.704  39.314
 16:09:05  -242.300   117.700  39.209
 16:09:35  -242.304   117.696  39.104
 16:10:05  -242.308   117.692  38.999
 16:10:35  -242.311   117.689  38.894
 16:11:05  -242.315   117.685  38.789
 16:11:35  -242.318   117.682  38.684
 16:12:05  -242.321   117.679  38.579
 16:12:35  -242.323   117.677  38.475
 16:13:05  -242.326   117.674  38.370
 16:13:35  -242.329   117.671  38.265
 16:14:05  -242.331   117.669  38.160
 16:14:35  -242.333   117.667  38.055
 16:15:05  -242.335   117.665  37.950
 16:15:35  -242.337   117.663  37.845
 16:16:05  -242.338   117.662  37.740
 16:16:35  -242.340   117.660  37.635
 16:17:05  -242.341   117.659  37.531
 16:17:35  -242.342   117.658  37.426
 16:18:05  -242.343   117.657  37.321
 16:18:35  -242.344   117.656  37.216
 16:19:05  -242.345   117.655  37.111
 16:19:35  -242.345   117.655  37.006
 16:20:05  -242.346   117.654  36.901
 16:20:35  -242.346   117.654  36.796
 16:21:05  -242.346   117.654  36.691
 16:21:35  -242.346   117.654  36.586
 16:22:05  -242.345   117.655  36.481
 16:22:35  -242.345   117.655  36.376
 16:23:05  -242.344   117.656  36.272
 16:23:35  -242.344   117.656  36.167
 16:24:05  -242.343   117.657  36.062
 16:24:35  -242.342   117.658  35.957
 16:25:05  -242.340   117.660  35.852
 16:25:35  -242.339   117.661  35.747
 16:26:05  -242.337   117.663  35.642
 16:26:35  -242.336   117.664  35.537
 16:27:05  -242.334   117.666  35.432
 16:27:35  -242.332   117.668  35.327
 16:28:05  -242.330   117.670  35.223
 16:28:35  -242.328   117.672  35.118
 16:29:05  -242.325   117.675  35.013
 16:29:35  -242.323   117.677  34.908
 16:30:05  -242.320   117.680  34.803
 16:30:35  -242.317   117.683  34.698
 16:31:05  -242.314   117.686  34.593
 16:31:35  -242.311   117.689  34.488
 16:32:05  -242.308   117.692  34.383
 16:32:35  -242.304   117.696  34.279
 16:33:05  -242.301   117.699  34.174
 16:33:35  -242.297   117.703  34.069
 16:34:05  -242.293   117.707  33.964
 16:34:35  -242.289   117.711  33.859
 16:35:05  -242.285   117.715  33.754
 16:35:35  -242.281   117.719  33.649
 16:36:05  -242.276   117.724  33.545
 16:36:35  -242.272   117.728  33.440
 16:37:05  -242.267   117.733  33.335
 16:37:35  -242.262   117.738  33.230
 16:38:05  -242.257   117.743  33.125
 16:38:35  -242.252   117.748  33.020
 16:39:05  -242.247   117.753  32.916
 16:39:35  -242.242   117.758  32.811
 16:40:05  -242.236   117.764  32.706
 16:40:35  -242.231   117.769  32.601
 16:41:05  -242.225   117.775  32.496
 16:41:35  -242.219   117.781  32.392
 16:42:05  -242.213   117.787  32.287
 16:42:35  -242.207   117.793  32.182
 16:43:05  -242.200   117.800  32.077
 16:43:35  -242.194   117.806  31.972
 16:44:05  -242.187   117.813  31.868
 16:44:35  -242.180   117.820  31.763
 16:45:05  -242.174   117.826  31.658
 16:45:35  -242.167   117.833  31.553
 16:46:05  -242.159   117.841  31.449
 16:46:35  -242.152   117.848  31.344
 16:47:05  -242.145   117.855  31.239
 16:47:35  -242.137   117.863  31.135
 16:48:05  -242.130   117.870  31.030
 16:48:35  -242.122   117.878  30.925
 16:49:05  -242.114   117.886  30.820
 16:49:35  -242.106   117.894  30.716
 16:50:05  -242.098   117.902  30.611
 16:50:35  -242.090   117.910  30.506
 16:51:05  -242.081   117.919  30.402
 16:51:35  -242.073   117.927  30.297
 16:52:05  -242.064   117.936  30.192
 16:52:35  -242.055   117.945  30.088
 16:53:05  -242.046   117.954  29.983
 16:53:35  -242.037   117.963  29.879
 16:54:05  -242.028   117.972  29.774
 16:54:35  -242.019   117.981  29.669
 16:55:05  -242.009   117.991  29.565
 16:55:35  -242.000   118.000  29.460
 16:56:05  -241.990   118.010  29.356
 16:56:35  -241.980   118.020  29.251
 16:57:05  -241.970   118.030  29.146
 16:57:35  -241.960   118.040  29.042
 16:58:05  -241.950   118.050  28.937
 16:58:35  -241.940   118.060  28.833
 16:59:05  -241.930   118.070  28.728
 16:59:35  -241.919   118.081  28.624
 17:00:05  -241.908   118.092  28.519
 17:00:35  -241.898   118.102  28.415
 17:01:05  -241.887   118.113  28.310
 17:01:35  -241.876   118.124  28.206
 17:02:05  -241.865   118.135  28.101
 17:02:35  -241.853   118.147  27.997
 17:03:05  -241.842   118.158  27.893
 17:03:35  -241.830   118.170  27.788
 17:04:05  -241.819   118.181  27.684
 17:04:35  -241.807   118.193  27.579
 17:05:05  -241.795   118.205  27.475
 17:05:35  -241.783   118.217  27.371
 17:06:05  -241.771   118.229  27.266
 17:06:35  -241.759   118.241  27.162
 17:07:05  -241.747   118.253  27.058
 17:07:35  -241.734   118.266  26.953
 17:08:05  -241.722   118.278  26.849
 17:08:35  -241.709   118.291  26.745
 17:09:05  -241.696   118.304  26.640
 17:09:35  -241.683   118.317  26.536
 17:10:05  -241.670   118.330  26.432
 17:10:35  -241.657   118.343  26.328
 17:11:05  -241.644   118.356  26.223
 17:11:35  -241.631   118.369  26.119
 17:12:05  -241.617   118.383  26.015
 17:12:35  -241.604   118.396  25.911
 17:13:05  -241.590   118.410  25.807
 17:13:35  -241.576   118.424  25.702
 17:14:05  -241.562   118.438  25.598
 17:14:35  -241.548   118.452  25.494
 17:15:05  -241.534   118.466  25.390
 17:15:35  -241.520   118.480  25.286
 17:16:05  -241.505   118.495  25.182
 17:16:35  -241.491   118.509  25.078
 17:17:05  -241.476   118.524  24.974
 17:17:35  -241.461   118.539  24.869
 17:18:05  -241.446   118.554  24.765
 17:18:35  -241.432   118.568  24.661
 17:19:05  -241.416   118.584  24.557
 17:19:35  -241.401   118.599  24.453
 17:20:05  -241.386   118.614  24.349
 17:20:35  -241.371   118.629  24.245
 17:21:05  -241.355   118.645  24.141
 17:21:35  -241.339   118.661  24.038
 17:22:05  -241.324   118.676  23.934
 17:22:35  -241.308   118.692  23.830
 17:23:05  -241.292   118.708  23.726
 17:23:35  -241.276   118.724  23.622
 17:24:05  -241.260   118.740  23.518
 17:24:35  -241.243   118.757  23.414
 17:25:05  -241.227   118.773  23.310
 17:25:35  -241.211   118.789  23.207
 17:26:05  -241.194   118.806  23.103
 17:26:35  -241.177   118.823  22.999
 17:27:05  -241.160   118.840  22.895
 17:27:35  -241.143   118.857  22.792
 17:28:05  -241.126   118.874  22.688
 17:28:35  -241.109   118.891  22.584
 17:29:05  -241.092   118.908  22.480
 17:29:35  -241.075   118.925  22.377
 17:30:05  -241.057   118.943  22.273
 17:30:35  -241.039   118.961  22.169
 17:31:05  -241.022   118.978  22.066
 17:31:35  -241.004   118.996  21.962
 17:32:05  -240.986   119.014  21.859
 17:32:35  -240.968   119.032  21.755
 17:33:05  -240.950   119.050  21.651
 17:33:35  -240.932   119.068  21.548
 17:34:05  -240.913   119.087  21.444
 17:34:35  -240.895   119.105  21.341
 17:35:05  -240.876   119.124  21.237
 17:35:35  -240.858   119.142  21.134
 17:36:05  -240.839   119.161  21.031
 17:36:35  -240.820   119.180  20.927
 17:37:05  -240.801   119.199  20.824
 17:37:35  -240.782   119.218  20.720
 17:38:05  -240.763   119.237  20.617
 17:38:35  -240.743   119.257  20.514
 17:39:05  -240.724   119.276  20.410
 17:39:35  -240.704   119.296  20.307
 17:40:05  -240.685   119.315  20.204
 17:40:35  -240.665   119.335  20.101
 17:41:05  -240.645   119.355  19.997
 17:41:35  -240.625   119.375  19.894
 17:42:05  -240.605   119.395  19.791
 17:42:35  -240.585   119.415  19.688
 17:43:05  -240.565   119.435  19.584
 17:43:35  -240.545   119.455  19.481
 17:44:05  -240.524   119.476  19.378
 17:44:35  -240.504   119.496  19.275
 17:45:05  -240.483   119.517  19.172
 17:45:35  -240.462   119.538  19.069
 17:46:05  -240.441   119.559  18.966
 17:46:35  -240.420   119.580  18.863
 17:47:05  -240.399   119.601  18.760
 17:47:35  -240.378   119.622  18.657
 17:48:05  -240.357   119.643  18.554
 17:48:35  -240.335   119.665  18.451
 17:49:05  -240.314   119.686  18.348
 17:49:35  -240.292   119.708  18.245
 17:50:05  -240.270   119.730  18.142
 17:50:35  -240.249   119.751  18.040
 17:51:05  -240.227   119.773  17.937
 17:51:35  -240.205   119.795  17.834
 17:52:05  -240.183   119.817  17.731
 17:52:35  -240.160   119.840  17.628
 17:53:05  -240.138   119.862  17.526
 17:53:35  -240.115   119.885  17.423
 17:54:05  -240.093   119.907  17.320
 17:54:35  -240.070   119.930  17.218
 17:55:05  -240.048   119.952  17.115
 17:55:35  -240.025   119.975  17.012
 17:56:05  -240.002   119.998  16.910
 17:56:35  -239.979   120.021  16.807
 17:57:05  -239.955   120.045  16.705
 17:57:35  -239.932   120.068  16.602
 17:58:05  -239.909   120.091  16.500
 17:58:35  -239.885   120.115  16.397
 17:59:05  -239.862   120.138  16.295
 17:59:35  -239.838   120.162  16.192
 18:00:05  -239.814   120.186  16.090
 18:00:35  -239.790   120.210  15.988
 18:01:05  -239.766   120.234  15.885
 18:01:35  -239.742   120.258  15.783
 18:02:05  -239.718   120.282  15.681
 18:02:35  -239.694   120.306  15.578
 18:03:05  -239.669   120.331  15.476
 18:03:35  -239.645   120.355  15.374
 18:04:05  -239.620   120.380  15.272
 18:04:35  -239.596   120.404  15.170
 18:05:05  -239.571   120.429  15.067
 18:05:35  -239.546   120.454  14.965
 18:06:05  -239.521   120.479  14.863
 18:06:35  -239.496   120.504  14.761
 18:07:05  -239.471   120.529  14.659
 18:07:35  -239.445   120.555  14.557
 18:08:05  -239.420   120.580  14.455
 18:08:35  -239.394   120.606  14.353
 18:09:05  -239.369   120.631  14.251
 18:09:35  -239.343   120.657  14.149
 18:10:05  -239.317   120.683  14.047