./calepochc 2012 08 16 10 49 29 0.0 0.0 0.0
./calepochc 2012 08 16 10 49 59 0.0 0.0 0.0
./calepochc 2012 08 16 10 50 29 0.0 0.0 0.0
./calepochc 2012 08 16 10 50 59 0.0 0.0 0.0
./calepochc 2012 08 16 10 51 29 0.0 0.0 0.0
./calepochc 2012 08 16 10 51 59 0.0 0.0 0.0
./calepochc 2012 08 16 10 52 29 0.0 0.0 0.0
./calepochc 2012 08 16 10 52 59 0.0 0.0 0.0
./calepochc 2012 08 16 10 53 29 0.0 0.0 0.0
./calepochc 2012 08 16 10 53 59 0.0 0.0 0.0
./calepochc 2012 08 16 10 54 29 0.0 0.0 0.0
./calepochc 2012 08 16 10 54 59 0.0 0.0 0.0
./calepochc 2012 08 16 10 55 29 0.0 0.0 0.0
./calepochc 2012 08 16 10 55 59 0.0 0.0 0.0
./calepochc 2012 08 16 10 56 29 0.0 0.0 0.0
./calepochc 2012 08 16 10 56 59 0.0 0.0 0.0
./calepochc 2012 08 16 10 57 29 0.0 0.0 0.0
./calepochc 2012 08 16 10 57 59 0.0 0.0 0.0
./calepochc 2012 08 16 10 58 29 0.0 0.0 0.0
./calepochc 2012 08 16 10 58 59 0.0 0.0 0.0
./calepochc 2012 08 16 10 59 29 0.0 0.0 0.0
./calepochc 2012 08 16 10 59 59 0.0 0.0 0.0
./calepochc 2012 08 16 11 00 29 0.0 0.0 0.0
./calepochc 2012 08 16 11 00 59 0.0 0.0 0.0
./calepochc 2012 08 16 11 01 29 0.0 0.0 0.0
./calepochc 2012 08 16 11 00 59 0.0 0.0 0.0
./calepochc 2012 08 16 11 01 29 0.0 0.0 0.0
./calepochc 2012 08 16 11 01 59 0.0 0.0 0.0
./calepochc 2012 08 16 11 02 29 0.0 0.0 0.0
./calepochc 2012 08 16 11 02 59 0.0 0.0 0.0
./calepochc 2012 08 16 11 03 29 0.0 0.0 0.0
./calepochc 2012 08 16 11 02 59 0.0 0.0 0.0
./calepochc 2012 08 16 11 03 29 0.0 0.0 0.0
./calepochc 2012 08 16 11 03 59 0.0 0.0 0.0
./calepochc 2012 08 16 11 04 29 0.0 0.0 0.0
./calepochc 2012 08 16 11 04 59 0.0 0.0 0.0
./calepochc 2012 08 16 11 05 29 0.0 0.0 0.0
./calepochc 2012 08 16 11 05 59 0.0 0.0 0.0
./calepochc 2012 08 16 11 06 29 0.0 0.0 0.0
./calepochc 2012 08 16 11 06 59 0.0 0.0 0.0
./calepochc 2012 08 16 11 07 29 0.0 0.0 0.0
./calepochc 2012 08 16 11 07 59 0.0 0.0 0.0
./calepochc 2012 08 16 11 08 29 0.0 0.0 0.0
./calepochc 2012 08 16 11 08 59 0.0 0.0 0.0
./calepochc 2012 08 16 11 09 29 0.0 0.0 0.0
./calepochc 2012 08 16 11 09 59 0.0 0.0 0.0
./calepochc 2012 08 16 11 10 29 0.0 0.0 0.0
./calepochc 2012 08 16 11 10 59 0.0 0.0 0.0
./calepochc 2012 08 16 11 11 29 0.0 0.0 0.0
./calepochc 2012 08 16 11 11 59 0.0 0.0 0.0
./calepochc 2012 08 16 11 12 29 0.0 0.0 0.0
./calepochc 2012 08 16 11 12 59 0.0 0.0 0.0
./calepochc 2012 08 16 11 13 29 0.0 0.0 0.0
./calepochc 2012 08 16 11 13 59 0.0 0.0 0.0
./calepochc 2012 08 16 11 14 29 0.0 0.0 0.0
./calepochc 2012 08 16 11 14 59 0.0 0.0 0.0
./calepochc 2012 08 16 11 15 29 0.0 0.0 0.0
./calepochc 2012 08 16 11 15 59 0.0 0.0 0.0
./calepochc 2012 08 16 11 16 29 0.0 0.0 0.0
./calepochc 2012 08 16 11 16 59 0.0 0.0 0.0
./calepochc 2012 08 16 11 17 29 0.0 0.0 0.0
./calepochc 2012 08 16 11 17 59 0.0 0.0 0.0
./calepochc 2012 08 16 11 18 29 0.0 0.0 0.0
./calepochc 2012 08 16 11 18 59 0.0 0.0 0.0
./calepochc 2012 08 16 11 19 29 0.0 0.0 0.0
./calepochc 2012 08 16 11 19 59 0.0 0.0 0.0
./calepochc 2012 08 16 11 20 29 0.0 0.0 0.0
./calepochc 2012 08 16 11 20 59 0.0 0.0 0.0
./calepochc 2012 08 16 11 21 29 0.0 0.0 0.0
./calepochc 2012 08 16 11 21 59 0.0 0.0 0.0
./calepochc 2012 08 16 11 22 29 0.0 0.0 0.0
./calepochc 2012 08 16 11 22 59 0.0 0.0 0.0
./calepochc 2012 08 16 11 23 29 0.0 0.0 0.0
./calepochc 2012 08 16 11 23 59 0.0 0.0 0.0
./calepochc 2012 08 16 11 24 29 0.0 0.0 0.0
./calepochc 2012 08 16 11 24 59 0.0 0.0 0.0
./calepochc 2012 08 16 11 25 29 0.0 0.0 0.0
./calepochc 2012 08 16 11 25 59 0.0 0.0 0.0
./calepochc 2012 08 16 11 25 29 0.0 0.0 0.0
./calepochc 2012 08 16 11 25 59 0.0 0.0 0.0
./calepochc 2012 08 16 11 26 29 0.0 0.0 0.0
./calepochc 2012 08 16 11 26 59 0.0 0.0 0.0
./calepochc 2012 08 16 11 27 29 0.0 0.0 0.0
./calepochc 2012 08 16 11 27 59 0.0 0.0 0.0
./calepochc 2012 08 16 11 28 29 0.0 0.0 0.0
./calepochc 2012 08 16 11 28 59 0.0 0.0 0.0
./calepochc 2012 08 16 11 29 29 0.0 0.0 0.0
./calepochc 2012 08 16 11 29 59 0.0 0.0 0.0
./calepochc 2012 08 16 11 30 29 0.0 0.0 0.0
./calepochc 2012 08 16 11 30 59 0.0 0.0 0.0
./calepochc 2012 08 16 11 31 29 0.0 0.0 0.0
./calepochc 2012 08 16 11 31 59 0.0 0.0 0.0
./calepochc 2012 08 16 11 32 29 0.0 0.0 0.0
./calepochc 2012 08 16 11 32 59 0.0 0.0 0.0
./calepochc 2012 08 16 11 33 29 0.0 0.0 0.0
./calepochc 2012 08 16 11 33 59 0.0 0.0 0.0
./calepochc 2012 08 16 11 34 29 0.0 0.0 0.0
./calepochc 2012 08 16 11 34 59 0.0 0.0 0.0
./calepochc 2012 08 16 11 35 29 0.0 0.0 0.0
