./calepochc 2012 09 04 16 51 29 0.0 0.0 0.0 
./calepochc 2012 09 04 16 51 59 0.0 0.0 0.0 
./calepochc 2012 09 04 16 52 29 0.0 0.0 0.0 
./calepochc 2012 09 04 16 51 59 0.0 0.0 0.0 
./calepochc 2012 09 04 16 52 29 0.0 0.0 0.0 
./calepochc 2012 09 04 16 52 59 0.0 0.0 0.0 
./calepochc 2012 09 04 16 52 29 0.0 0.0 0.0 
./calepochc 2012 09 04 16 52 59 0.0 0.0 0.0 
./calepochc 2012 09 04 16 53 29 0.0 0.0 0.0 
./calepochc 2012 09 04 16 53 59 0.0 0.0 0.0 
./calepochc 2012 09 04 16 54 29 0.0 0.0 0.0 
./calepochc 2012 09 04 16 54 59 0.0 0.0 0.0 
./calepochc 2012 09 04 16 55 29 0.0 0.0 0.0 
./calepochc 2012 09 04 16 55 59 0.0 0.0 0.0 
./calepochc 2012 09 04 16 56 29 0.0 0.0 0.0 
./calepochc 2012 09 04 16 56 59 0.0 0.0 0.0 
./calepochc 2012 09 04 16 57 29 0.0 0.0 0.0 
./calepochc 2012 09 04 16 57 59 0.0 0.0 0.0 
./calepochc 2012 09 04 16 58 29 0.0 0.0 0.0 
./calepochc 2012 09 04 16 58 59 0.0 0.0 0.0 
./calepochc 2012 09 04 16 59 29 0.0 0.0 0.0 
./calepochc 2012 09 04 16 59 59 0.0 0.0 0.0 
./calepochc 2012 09 04 17 0 29 0.0 0.0 0.0 
./calepochc 2012 09 04 17 0 59 0.0 0.0 0.0 
./calepochc 2012 09 04 17 1 29 0.0 0.0 0.0 
./calepochc 2012 09 04 17 1 59 0.0 0.0 0.0 
./calepochc 2012 09 04 17 2 29 0.0 0.0 0.0 
./calepochc 2012 09 04 17 2 59 0.0 0.0 0.0 
./calepochc 2012 09 04 17 3 29 0.0 0.0 0.0 
./calepochc 2012 09 04 17 3 59 0.0 0.0 0.0 
./calepochc 2012 09 04 17 4 29 0.0 0.0 0.0 
./calepochc 2012 09 04 17 4 59 0.0 0.0 0.0 
./calepochc 2012 09 04 17 5 29 0.0 0.0 0.0 
./calepochc 2012 09 04 17 5 59 0.0 0.0 0.0 
./calepochc 2012 09 04 17 6 29 0.0 0.0 0.0 
./calepochc 2012 09 04 17 6 59 0.0 0.0 0.0 
./calepochc 2012 09 04 17 7 29 0.0 0.0 0.0 
./calepochc 2012 09 04 17 7 59 0.0 0.0 0.0 
./calepochc 2012 09 04 17 8 29 0.0 0.0 0.0 
./calepochc 2012 09 04 17 8 59 0.0 0.0 0.0 
./calepochc 2012 09 04 17 9 29 0.0 0.0 0.0 
./calepochc 2012 09 04 17 9 59 0.0 0.0 0.0 
./calepochc 2012 09 04 17 10 29 0.0 0.0 0.0 
./calepochc 2012 09 04 17 10 59 0.0 0.0 0.0 
./calepochc 2012 09 04 17 11 29 0.0 0.0 0.0 
./calepochc 2012 09 04 17 11 59 0.0 0.0 0.0 
./calepochc 2012 09 04 17 12 29 0.0 0.0 0.0 
./calepochc 2012 09 04 17 12 59 0.0 0.0 0.0 
./calepochc 2012 09 04 17 13 29 0.0 0.0 0.0 
./calepochc 2012 09 04 17 13 59 0.0 0.0 0.0 
./calepochc 2012 09 04 17 14 29 0.0 0.0 0.0 
./calepochc 2012 09 04 17 14 59 0.0 0.0 0.0 
./calepochc 2012 09 04 17 15 29 0.0 0.0 0.0 
./calepochc 2012 09 04 17 15 59 0.0 0.0 0.0 
./calepochc 2012 09 04 17 16 29 0.0 0.0 0.0 
./calepochc 2012 09 04 17 16 59 0.0 0.0 0.0 
./calepochc 2012 09 04 17 17 29 0.0 0.0 0.0 
./calepochc 2012 09 04 17 17 59 0.0 0.0 0.0 
./calepochc 2012 09 04 17 18 29 0.0 0.0 0.0 
./calepochc 2012 09 04 17 18 59 0.0 0.0 0.0 
./calepochc 2012 09 04 17 19 29 0.0 0.0 0.0 
./calepochc 2012 09 04 17 19 59 0.0 0.0 0.0 
./calepochc 2012 09 04 17 20 29 0.0 0.0 0.0 
./calepochc 2012 09 04 17 20 59 0.0 0.0 0.0 
./calepochc 2012 09 04 17 21 29 0.0 0.0 0.0 
./calepochc 2012 09 04 17 20 59 0.0 0.0 0.0 
./calepochc 2012 09 04 17 21 29 0.0 0.0 0.0 
./calepochc 2012 09 04 17 21 59 0.0 0.0 0.0 
./calepochc 2012 09 04 17 22 29 0.0 0.0 0.0 
./calepochc 2012 09 04 17 21 59 0.0 0.0 0.0 
./calepochc 2012 09 04 17 22 29 0.0 0.0 0.0 
./calepochc 2012 09 04 17 22 59 0.0 0.0 0.0 
./calepochc 2012 09 04 17 23 29 0.0 0.0 0.0 
./calepochc 2012 09 04 17 23 59 0.0 0.0 0.0 
./calepochc 2012 09 04 17 24 29 0.0 0.0 0.0 
./calepochc 2012 09 04 17 24 59 0.0 0.0 0.0 
./calepochc 2012 09 04 17 25 29 0.0 0.0 0.0 
./calepochc 2012 09 04 17 25 59 0.0 0.0 0.0 
./calepochc 2012 09 04 17 26 29 0.0 0.0 0.0 
./calepochc 2012 09 04 17 26 59 0.0 0.0 0.0 
./calepochc 2012 09 04 17 27 29 0.0 0.0 0.0 
./calepochc 2012 09 04 17 27 59 0.0 0.0 0.0 
./calepochc 2012 09 04 17 28 29 0.0 0.0 0.0 
./calepochc 2012 09 04 17 28 59 0.0 0.0 0.0 
./calepochc 2012 09 04 17 29 29 0.0 0.0 0.0 
./calepochc 2012 09 04 17 29 59 0.0 0.0 0.0 
./calepochc 2012 09 04 17 30 29 0.0 0.0 0.0 
./calepochc 2012 09 04 17 30 59 0.0 0.0 0.0 
./calepochc 2012 09 04 17 31 29 0.0 0.0 0.0 
./calepochc 2012 09 04 17 31 59 0.0 0.0 0.0 
./calepochc 2012 09 04 17 32 29 0.0 0.0 0.0 
./calepochc 2012 09 04 17 32 59 0.0 0.0 0.0 
./calepochc 2012 09 04 17 33 29 0.0 0.0 0.0 
./calepochc 2012 09 04 17 32 59 0.0 0.0 0.0 
./calepochc 2012 09 04 17 33 29 0.0 0.0 0.0 
./calepochc 2012 09 04 17 33 59 0.0 0.0 0.0 
./calepochc 2012 09 04 17 34 29 0.0 0.0 0.0 
./calepochc 2012 09 04 17 34 59 0.0 0.0 0.0 
./calepochc 2012 09 04 17 35 29 0.0 0.0 0.0 
./calepochc 2012 09 04 17 35 59 0.0 0.0 0.0 
./calepochc 2012 09 04 17 36 29 0.0 0.0 0.0 
./calepochc 2012 09 04 17 36 59 0.0 0.0 0.0 
./calepochc 2012 09 04 17 37 29 0.0 0.0 0.0 
./calepochc 2012 09 04 17 37 59 0.0 0.0 0.0 
./calepochc 2012 09 04 17 38 29 0.0 0.0 0.0 
./calepochc 2012 09 04 17 38 59 0.0 0.0 0.0 
./calepochc 2012 09 04 17 39 29 0.0 0.0 0.0 
./calepochc 2012 09 04 17 39 59 0.0 0.0 0.0 
./calepochc 2012 09 04 17 40 29 0.0 0.0 0.0 
./calepochc 2012 09 04 17 40 59 0.0 0.0 0.0 
./calepochc 2012 09 04 17 41 29 0.0 0.0 0.0 
./calepochc 2012 09 04 17 41 59 0.0 0.0 0.0 
./calepochc 2012 09 04 17 42 29 0.0 0.0 0.0 
./calepochc 2012 09 04 17 42 59 0.0 0.0 0.0 
./calepochc 2012 09 04 17 43 29 0.0 0.0 0.0 
./calepochc 2012 09 04 17 43 59 0.0 0.0 0.0 
./calepochc 2012 09 04 17 44 29 0.0 0.0 0.0 
./calepochc 2012 09 04 17 43 59 0.0 0.0 0.0 
./calepochc 2012 09 04 17 44 29 0.0 0.0 0.0 
./calepochc 2012 09 04 17 44 59 0.0 0.0 0.0 
./calepochc 2012 09 04 17 45 29 0.0 0.0 0.0 
./calepochc 2012 09 04 17 45 59 0.0 0.0 0.0 
./calepochc 2012 09 04 17 46 29 0.0 0.0 0.0 
./calepochc 2012 09 04 17 46 59 0.0 0.0 0.0 
./calepochc 2012 09 04 17 47 29 0.0 0.0 0.0 
./calepochc 2012 09 04 17 47 59 0.0 0.0 0.0 
./calepochc 2012 09 04 17 48 29 0.0 0.0 0.0 
./calepochc 2012 09 04 17 48 59 0.0 0.0 0.0 
./calepochc 2012 09 04 17 49 29 0.0 0.0 0.0 
./calepochc 2012 09 04 17 49 59 0.0 0.0 0.0 
./calepochc 2012 09 04 17 50 29 0.0 0.0 0.0 
./calepochc 2012 09 04 17 50 59 0.0 0.0 0.0 
./calepochc 2012 09 04 17 51 29 0.0 0.0 0.0 
./calepochc 2012 09 04 17 51 59 0.0 0.0 0.0 
./calepochc 2012 09 04 17 52 29 0.0 0.0 0.0 
./calepochc 2012 09 04 17 52 59 0.0 0.0 0.0 
./calepochc 2012 09 04 17 53 29 0.0 0.0 0.0 
./calepochc 2012 09 04 17 53 59 0.0 0.0 0.0 
./calepochc 2012 09 04 17 54 29 0.0 0.0 0.0 
./calepochc 2012 09 04 17 54 59 0.0 0.0 0.0 
./calepochc 2012 09 04 17 55 29 0.0 0.0 0.0 
./calepochc 2012 09 04 17 54 59 0.0 0.0 0.0 
./calepochc 2012 09 04 17 55 29 0.0 0.0 0.0 
./calepochc 2012 09 04 17 55 59 0.0 0.0 0.0 
./calepochc 2012 09 04 17 56 29 0.0 0.0 0.0 
./calepochc 2012 09 04 17 56 59 0.0 0.0 0.0 
./calepochc 2012 09 04 17 57 29 0.0 0.0 0.0 
./calepochc 2012 09 04 17 57 59 0.0 0.0 0.0 
./calepochc 2012 09 04 17 58 29 0.0 0.0 0.0 
./calepochc 2012 09 04 17 58 59 0.0 0.0 0.0 
./calepochc 2012 09 04 17 59 29 0.0 0.0 0.0 
./calepochc 2012 09 04 17 59 59 0.0 0.0 0.0 
./calepochc 2012 09 04 18 0 29 0.0 0.0 0.0 
./calepochc 2012 09 04 18 0 59 0.0 0.0 0.0 
./calepochc 2012 09 04 18 1 29 0.0 0.0 0.0 
./calepochc 2012 09 04 18 1 59 0.0 0.0 0.0 
./calepochc 2012 09 04 18 2 29 0.0 0.0 0.0 
./calepochc 2012 09 04 18 2 59 0.0 0.0 0.0 
./calepochc 2012 09 04 18 3 29 0.0 0.0 0.0 
./calepochc 2012 09 04 18 3 59 0.0 0.0 0.0 
./calepochc 2012 09 04 18 4 29 0.0 0.0 0.0 
./calepochc 2012 09 04 18 4 59 0.0 0.0 0.0 
./calepochc 2012 09 04 18 5 29 0.0 0.0 0.0 
./calepochc 2012 09 04 18 5 59 0.0 0.0 0.0 
./calepochc 2012 09 04 18 6 29 0.0 0.0 0.0 
./calepochc 2012 09 04 18 5 59 0.0 0.0 0.0 
./calepochc 2012 09 04 18 6 29 0.0 0.0 0.0 
./calepochc 2012 09 04 18 6 59 0.0 0.0 0.0 
./calepochc 2012 09 04 18 7 29 0.0 0.0 0.0 
./calepochc 2012 09 04 18 7 59 0.0 0.0 0.0 
./calepochc 2012 09 04 18 8 29 0.0 0.0 0.0 
./calepochc 2012 09 04 18 8 59 0.0 0.0 0.0 
./calepochc 2012 09 04 18 9 29 0.0 0.0 0.0 
./calepochc 2012 09 04 18 9 59 0.0 0.0 0.0 
./calepochc 2012 09 04 18 10 29 0.0 0.0 0.0 
./calepochc 2012 09 04 18 10 59 0.0 0.0 0.0 
./calepochc 2012 09 04 18 11 29 0.0 0.0 0.0 
./calepochc 2012 09 04 18 11 59 0.0 0.0 0.0 
./calepochc 2012 09 04 18 12 29 0.0 0.0 0.0 
./calepochc 2012 09 04 18 12 59 0.0 0.0 0.0 
./calepochc 2012 09 04 18 13 29 0.0 0.0 0.0 
./calepochc 2012 09 04 18 13 59 0.0 0.0 0.0 
./calepochc 2012 09 04 18 14 29 0.0 0.0 0.0 
./calepochc 2012 09 04 18 14 59 0.0 0.0 0.0 
./calepochc 2012 09 04 18 15 29 0.0 0.0 0.0 
./calepochc 2012 09 04 18 15 59 0.0 0.0 0.0 
./calepochc 2012 09 04 18 16 29 0.0 0.0 0.0 
./calepochc 2012 09 04 18 16 59 0.0 0.0 0.0 
./calepochc 2012 09 04 18 17 29 0.0 0.0 0.0 
./calepochc 2012 09 04 18 16 59 0.0 0.0 0.0 
./calepochc 2012 09 04 18 17 29 0.0 0.0 0.0 
./calepochc 2012 09 04 18 17 59 0.0 0.0 0.0 
./calepochc 2012 09 04 18 18 29 0.0 0.0 0.0 
./calepochc 2012 09 04 18 18 59 0.0 0.0 0.0 
./calepochc 2012 09 04 18 19 29 0.0 0.0 0.0 
./calepochc 2012 09 04 18 19 59 0.0 0.0 0.0 
./calepochc 2012 09 04 18 20 29 0.0 0.0 0.0 
./calepochc 2012 09 04 18 20 59 0.0 0.0 0.0 
./calepochc 2012 09 04 18 21 29 0.0 0.0 0.0 
./calepochc 2012 09 04 18 21 59 0.0 0.0 0.0 
./calepochc 2012 09 04 18 22 29 0.0 0.0 0.0 
./calepochc 2012 09 04 18 22 59 0.0 0.0 0.0 
./calepochc 2012 09 04 18 23 29 0.0 0.0 0.0 
./calepochc 2012 09 04 18 23 59 0.0 0.0 0.0 
./calepochc 2012 09 04 18 24 29 0.0 0.0 0.0 
./calepochc 2012 09 04 18 24 59 0.0 0.0 0.0 
./calepochc 2012 09 04 18 25 29 0.0 0.0 0.0 
./calepochc 2012 09 04 18 25 59 0.0 0.0 0.0 
./calepochc 2012 09 04 18 26 29 0.0 0.0 0.0 
./calepochc 2012 09 04 18 26 59 0.0 0.0 0.0 
./calepochc 2012 09 04 18 27 29 0.0 0.0 0.0 
./calepochc 2012 09 04 18 27 59 0.0 0.0 0.0 
./calepochc 2012 09 04 18 28 29 0.0 0.0 0.0 
./calepochc 2012 09 04 18 27 59 0.0 0.0 0.0 
./calepochc 2012 09 04 18 28 29 0.0 0.0 0.0 
./calepochc 2012 09 04 18 28 59 0.0 0.0 0.0 
./calepochc 2012 09 04 18 29 29 0.0 0.0 0.0 
./calepochc 2012 09 04 18 29 59 0.0 0.0 0.0 
./calepochc 2012 09 04 18 30 29 0.0 0.0 0.0 
./calepochc 2012 09 04 18 30 59 0.0 0.0 0.0 
./calepochc 2012 09 04 18 31 29 0.0 0.0 0.0 
./calepochc 2012 09 04 18 31 59 0.0 0.0 0.0 
./calepochc 2012 09 04 18 32 29 0.0 0.0 0.0 
./calepochc 2012 09 04 18 32 59 0.0 0.0 0.0 
./calepochc 2012 09 04 18 33 29 0.0 0.0 0.0 
./calepochc 2012 09 04 18 33 59 0.0 0.0 0.0 
./calepochc 2012 09 04 18 34 29 0.0 0.0 0.0 
./calepochc 2012 09 04 18 34 59 0.0 0.0 0.0 
./calepochc 2012 09 04 18 35 29 0.0 0.0 0.0 
./calepochc 2012 09 04 18 35 59 0.0 0.0 0.0 
./calepochc 2012 09 04 18 36 29 0.0 0.0 0.0 
./calepochc 2012 09 04 18 36 59 0.0 0.0 0.0 
./calepochc 2012 09 04 18 37 29 0.0 0.0 0.0 
./calepochc 2012 09 04 18 37 59 0.0 0.0 0.0 
./calepochc 2012 09 04 18 38 29 0.0 0.0 0.0 
./calepochc 2012 09 04 18 38 59 0.0 0.0 0.0 
./calepochc 2012 09 04 18 39 29 0.0 0.0 0.0 
./calepochc 2012 09 04 18 38 59 0.0 0.0 0.0 
./calepochc 2012 09 04 18 39 29 0.0 0.0 0.0 
./calepochc 2012 09 04 18 39 59 0.0 0.0 0.0 
./calepochc 2012 09 04 18 40 29 0.0 0.0 0.0 
./calepochc 2012 09 04 18 40 59 0.0 0.0 0.0 
./calepochc 2012 09 04 18 41 29 0.0 0.0 0.0 
./calepochc 2012 09 04 18 41 59 0.0 0.0 0.0 
./calepochc 2012 09 04 18 42 29 0.0 0.0 0.0 
./calepochc 2012 09 04 18 42 59 0.0 0.0 0.0 
./calepochc 2012 09 04 18 43 29 0.0 0.0 0.0 
./calepochc 2012 09 04 18 43 59 0.0 0.0 0.0 
./calepochc 2012 09 04 18 44 29 0.0 0.0 0.0 
./calepochc 2012 09 04 18 44 59 0.0 0.0 0.0 
./calepochc 2012 09 04 18 45 29 0.0 0.0 0.0 
./calepochc 2012 09 04 18 45 59 0.0 0.0 0.0 
./calepochc 2012 09 04 18 46 29 0.0 0.0 0.0 
./calepochc 2012 09 04 18 46 59 0.0 0.0 0.0 
./calepochc 2012 09 04 18 47 29 0.0 0.0 0.0 
./calepochc 2012 09 04 18 47 59 0.0 0.0 0.0 
./calepochc 2012 09 04 18 48 29 0.0 0.0 0.0 
./calepochc 2012 09 04 18 48 59 0.0 0.0 0.0 
./calepochc 2012 09 04 18 49 29 0.0 0.0 0.0 
./calepochc 2012 09 04 18 49 59 0.0 0.0 0.0 
./calepochc 2012 09 04 18 50 29 0.0 0.0 0.0 
./calepochc 2012 09 04 18 49 59 0.0 0.0 0.0 
./calepochc 2012 09 04 18 50 29 0.0 0.0 0.0 
./calepochc 2012 09 04 18 50 59 0.0 0.0 0.0 
./calepochc 2012 09 04 18 51 29 0.0 0.0 0.0 
./calepochc 2012 09 04 18 51 59 0.0 0.0 0.0 
./calepochc 2012 09 04 18 52 29 0.0 0.0 0.0 
./calepochc 2012 09 04 18 52 59 0.0 0.0 0.0 
./calepochc 2012 09 04 18 53 29 0.0 0.0 0.0 
./calepochc 2012 09 04 18 53 59 0.0 0.0 0.0 
./calepochc 2012 09 04 18 54 29 0.0 0.0 0.0 
./calepochc 2012 09 04 18 54 59 0.0 0.0 0.0 
./calepochc 2012 09 04 18 55 29 0.0 0.0 0.0 
./calepochc 2012 09 04 18 55 59 0.0 0.0 0.0 
./calepochc 2012 09 04 18 56 29 0.0 0.0 0.0 
./calepochc 2012 09 04 18 56 59 0.0 0.0 0.0 
./calepochc 2012 09 04 18 57 29 0.0 0.0 0.0 
./calepochc 2012 09 04 18 57 59 0.0 0.0 0.0 
./calepochc 2012 09 04 18 58 29 0.0 0.0 0.0 
./calepochc 2012 09 04 18 58 59 0.0 0.0 0.0 
./calepochc 2012 09 04 18 59 29 0.0 0.0 0.0 
./calepochc 2012 09 04 18 59 59 0.0 0.0 0.0 
./calepochc 2012 09 04 19 0 29 0.0 0.0 0.0 
./calepochc 2012 09 04 19 0 59 0.0 0.0 0.0 
./calepochc 2012 09 04 19 1 29 0.0 0.0 0.0 
./calepochc 2012 09 04 19 0 59 0.0 0.0 0.0 
./calepochc 2012 09 04 19 1 29 0.0 0.0 0.0 
./calepochc 2012 09 04 19 1 59 0.0 0.0 0.0 
./calepochc 2012 09 04 19 2 29 0.0 0.0 0.0 
./calepochc 2012 09 04 19 2 59 0.0 0.0 0.0 
./calepochc 2012 09 04 19 3 29 0.0 0.0 0.0 
./calepochc 2012 09 04 19 3 59 0.0 0.0 0.0 
./calepochc 2012 09 04 19 4 29 0.0 0.0 0.0 
./calepochc 2012 09 04 19 4 59 0.0 0.0 0.0 
./calepochc 2012 09 04 19 5 29 0.0 0.0 0.0 
./calepochc 2012 09 04 19 5 59 0.0 0.0 0.0 
./calepochc 2012 09 04 19 6 29 0.0 0.0 0.0 
./calepochc 2012 09 04 19 6 59 0.0 0.0 0.0 
./calepochc 2012 09 04 19 7 29 0.0 0.0 0.0 
./calepochc 2012 09 04 19 7 59 0.0 0.0 0.0 
./calepochc 2012 09 04 19 8 29 0.0 0.0 0.0 
./calepochc 2012 09 04 19 8 59 0.0 0.0 0.0 
./calepochc 2012 09 04 19 9 29 0.0 0.0 0.0 
./calepochc 2012 09 04 19 9 59 0.0 0.0 0.0 
./calepochc 2012 09 04 19 10 29 0.0 0.0 0.0 
./calepochc 2012 09 04 19 10 59 0.0 0.0 0.0 
./calepochc 2012 09 04 19 11 29 0.0 0.0 0.0 
./calepochc 2012 09 04 19 11 59 0.0 0.0 0.0 
./calepochc 2012 09 04 19 12 29 0.0 0.0 0.0 
./calepochc 2012 09 04 19 11 59 0.0 0.0 0.0 
./calepochc 2012 09 04 19 12 29 0.0 0.0 0.0 
./calepochc 2012 09 04 19 12 59 0.0 0.0 0.0 
./calepochc 2012 09 04 19 13 29 0.0 0.0 0.0 
./calepochc 2012 09 04 19 13 59 0.0 0.0 0.0 
./calepochc 2012 09 04 19 14 29 0.0 0.0 0.0 
./calepochc 2012 09 04 19 14 59 0.0 0.0 0.0 
./calepochc 2012 09 04 19 15 29 0.0 0.0 0.0 
./calepochc 2012 09 04 19 15 59 0.0 0.0 0.0 
./calepochc 2012 09 04 19 16 29 0.0 0.0 0.0 
./calepochc 2012 09 04 19 16 59 0.0 0.0 0.0 
./calepochc 2012 09 04 19 17 29 0.0 0.0 0.0 
./calepochc 2012 09 04 19 17 59 0.0 0.0 0.0 
./calepochc 2012 09 04 19 18 29 0.0 0.0 0.0 
./calepochc 2012 09 04 19 18 59 0.0 0.0 0.0 
./calepochc 2012 09 04 19 19 29 0.0 0.0 0.0 
./calepochc 2012 09 04 19 19 59 0.0 0.0 0.0 
./calepochc 2012 09 04 19 20 29 0.0 0.0 0.0 
./calepochc 2012 09 04 19 20 59 0.0 0.0 0.0 
./calepochc 2012 09 04 19 21 29 0.0 0.0 0.0 
./calepochc 2012 09 04 19 21 59 0.0 0.0 0.0 
./calepochc 2012 09 04 19 22 29 0.0 0.0 0.0 
./calepochc 2012 09 04 19 22 59 0.0 0.0 0.0 
./calepochc 2012 09 04 19 23 29 0.0 0.0 0.0 
./calepochc 2012 09 04 19 22 59 0.0 0.0 0.0 
./calepochc 2012 09 04 19 23 29 0.0 0.0 0.0 
./calepochc 2012 09 04 19 23 59 0.0 0.0 0.0 
./calepochc 2012 09 04 19 24 29 0.0 0.0 0.0 
./calepochc 2012 09 04 19 24 59 0.0 0.0 0.0 
./calepochc 2012 09 04 19 25 29 0.0 0.0 0.0 
./calepochc 2012 09 04 19 25 59 0.0 0.0 0.0 
./calepochc 2012 09 04 19 26 29 0.0 0.0 0.0 
./calepochc 2012 09 04 19 26 59 0.0 0.0 0.0 
./calepochc 2012 09 04 19 27 29 0.0 0.0 0.0 
./calepochc 2012 09 04 19 27 59 0.0 0.0 0.0 
./calepochc 2012 09 04 19 28 29 0.0 0.0 0.0 
./calepochc 2012 09 04 19 28 59 0.0 0.0 0.0 
./calepochc 2012 09 04 19 29 29 0.0 0.0 0.0 
./calepochc 2012 09 04 19 29 59 0.0 0.0 0.0 
./calepochc 2012 09 04 19 30 29 0.0 0.0 0.0 
./calepochc 2012 09 04 19 30 59 0.0 0.0 0.0 
./calepochc 2012 09 04 19 31 29 0.0 0.0 0.0 
./calepochc 2012 09 04 19 31 59 0.0 0.0 0.0 
./calepochc 2012 09 04 19 32 29 0.0 0.0 0.0 
./calepochc 2012 09 04 19 32 59 0.0 0.0 0.0 
./calepochc 2012 09 04 19 33 29 0.0 0.0 0.0 
./calepochc 2012 09 04 19 33 59 0.0 0.0 0.0 
./calepochc 2012 09 04 19 34 29 0.0 0.0 0.0 
./calepochc 2012 09 04 19 33 59 0.0 0.0 0.0 
./calepochc 2012 09 04 19 34 29 0.0 0.0 0.0 
./calepochc 2012 09 04 19 34 59 0.0 0.0 0.0 
./calepochc 2012 09 04 19 35 29 0.0 0.0 0.0 
./calepochc 2012 09 04 19 35 59 0.0 0.0 0.0 
./calepochc 2012 09 04 19 36 29 0.0 0.0 0.0 
./calepochc 2012 09 04 19 36 59 0.0 0.0 0.0 
./calepochc 2012 09 04 19 37 29 0.0 0.0 0.0 
./calepochc 2012 09 04 19 37 59 0.0 0.0 0.0 
./calepochc 2012 09 04 19 38 29 0.0 0.0 0.0 
./calepochc 2012 09 04 19 38 59 0.0 0.0 0.0 
./calepochc 2012 09 04 19 39 29 0.0 0.0 0.0 
./calepochc 2012 09 04 19 39 59 0.0 0.0 0.0 
./calepochc 2012 09 04 19 40 29 0.0 0.0 0.0 
./calepochc 2012 09 04 19 40 59 0.0 0.0 0.0 
./calepochc 2012 09 04 19 41 29 0.0 0.0 0.0 
./calepochc 2012 09 04 19 41 59 0.0 0.0 0.0 
./calepochc 2012 09 04 19 42 29 0.0 0.0 0.0 
./calepochc 2012 09 04 19 42 59 0.0 0.0 0.0 
./calepochc 2012 09 04 19 43 29 0.0 0.0 0.0 
./calepochc 2012 09 04 19 43 59 0.0 0.0 0.0 
./calepochc 2012 09 04 19 44 29 0.0 0.0 0.0 
./calepochc 2012 09 04 19 44 59 0.0 0.0 0.0 
./calepochc 2012 09 04 19 45 29 0.0 0.0 0.0 
./calepochc 2012 09 04 19 44 59 0.0 0.0 0.0 
./calepochc 2012 09 04 19 45 29 0.0 0.0 0.0 
./calepochc 2012 09 04 19 45 59 0.0 0.0 0.0 
./calepochc 2012 09 04 19 46 29 0.0 0.0 0.0 
./calepochc 2012 09 04 19 46 59 0.0 0.0 0.0 
./calepochc 2012 09 04 19 47 29 0.0 0.0 0.0 
./calepochc 2012 09 04 19 47 59 0.0 0.0 0.0 
./calepochc 2012 09 04 19 48 29 0.0 0.0 0.0 
./calepochc 2012 09 04 19 48 59 0.0 0.0 0.0 
./calepochc 2012 09 04 19 49 29 0.0 0.0 0.0 
./calepochc 2012 09 04 19 49 59 0.0 0.0 0.0 
./calepochc 2012 09 04 19 50 29 0.0 0.0 0.0 
./calepochc 2012 09 04 19 50 59 0.0 0.0 0.0 
./calepochc 2012 09 04 19 51 29 0.0 0.0 0.0 
./calepochc 2012 09 04 19 51 59 0.0 0.0 0.0 
./calepochc 2012 09 04 19 52 29 0.0 0.0 0.0 
./calepochc 2012 09 04 19 52 59 0.0 0.0 0.0 
./calepochc 2012 09 04 19 53 29 0.0 0.0 0.0 
./calepochc 2012 09 04 19 53 59 0.0 0.0 0.0 
./calepochc 2012 09 04 19 54 29 0.0 0.0 0.0 
./calepochc 2012 09 04 19 54 59 0.0 0.0 0.0 
./calepochc 2012 09 04 19 55 29 0.0 0.0 0.0 
./calepochc 2012 09 04 19 55 59 0.0 0.0 0.0 
./calepochc 2012 09 04 19 56 29 0.0 0.0 0.0 
./calepochc 2012 09 04 19 55 59 0.0 0.0 0.0 
./calepochc 2012 09 04 19 56 29 0.0 0.0 0.0 
./calepochc 2012 09 04 19 56 59 0.0 0.0 0.0 
./calepochc 2012 09 04 19 57 29 0.0 0.0 0.0 
./calepochc 2012 09 04 19 57 59 0.0 0.0 0.0 
./calepochc 2012 09 04 19 58 29 0.0 0.0 0.0 
./calepochc 2012 09 04 19 58 59 0.0 0.0 0.0 
./calepochc 2012 09 04 19 59 29 0.0 0.0 0.0 
./calepochc 2012 09 04 19 59 59 0.0 0.0 0.0 
./calepochc 2012 09 04 20 0 29 0.0 0.0 0.0 
./calepochc 2012 09 04 20 0 59 0.0 0.0 0.0 
./calepochc 2012 09 04 20 1 29 0.0 0.0 0.0 
./calepochc 2012 09 04 20 1 59 0.0 0.0 0.0 
./calepochc 2012 09 04 20 2 29 0.0 0.0 0.0 
./calepochc 2012 09 04 20 2 59 0.0 0.0 0.0 
./calepochc 2012 09 04 20 3 29 0.0 0.0 0.0 
./calepochc 2012 09 04 20 3 59 0.0 0.0 0.0 
./calepochc 2012 09 04 20 4 29 0.0 0.0 0.0 
./calepochc 2012 09 04 20 4 59 0.0 0.0 0.0 
./calepochc 2012 09 04 20 5 29 0.0 0.0 0.0 
./calepochc 2012 09 04 20 5 59 0.0 0.0 0.0 
./calepochc 2012 09 04 20 6 29 0.0 0.0 0.0 
./calepochc 2012 09 04 20 6 59 0.0 0.0 0.0 
./calepochc 2012 09 04 20 7 29 0.0 0.0 0.0 
./calepochc 2012 09 04 20 6 59 0.0 0.0 0.0 
./calepochc 2012 09 04 20 7 29 0.0 0.0 0.0 
./calepochc 2012 09 04 20 7 59 0.0 0.0 0.0 
./calepochc 2012 09 04 20 8 29 0.0 0.0 0.0 
./calepochc 2012 09 04 20 8 59 0.0 0.0 0.0 
./calepochc 2012 09 04 20 9 29 0.0 0.0 0.0 
./calepochc 2012 09 04 20 9 59 0.0 0.0 0.0 
./calepochc 2012 09 04 20 10 29 0.0 0.0 0.0 
./calepochc 2012 09 04 20 10 59 0.0 0.0 0.0 
./calepochc 2012 09 04 20 11 29 0.0 0.0 0.0 
./calepochc 2012 09 04 20 11 59 0.0 0.0 0.0 
./calepochc 2012 09 04 20 12 29 0.0 0.0 0.0 
./calepochc 2012 09 04 20 12 59 0.0 0.0 0.0 
./calepochc 2012 09 04 20 13 29 0.0 0.0 0.0 
./calepochc 2012 09 04 20 13 59 0.0 0.0 0.0 
./calepochc 2012 09 04 20 14 29 0.0 0.0 0.0 
./calepochc 2012 09 04 20 14 59 0.0 0.0 0.0 
./calepochc 2012 09 04 20 15 29 0.0 0.0 0.0 
./calepochc 2012 09 04 20 15 59 0.0 0.0 0.0 
./calepochc 2012 09 04 20 16 29 0.0 0.0 0.0 
./calepochc 2012 09 04 20 16 59 0.0 0.0 0.0 
./calepochc 2012 09 04 20 17 29 0.0 0.0 0.0 
./calepochc 2012 09 04 20 17 59 0.0 0.0 0.0 
./calepochc 2012 09 04 20 18 29 0.0 0.0 0.0 
./calepochc 2012 09 04 20 17 59 0.0 0.0 0.0 
./calepochc 2012 09 04 20 18 29 0.0 0.0 0.0 
./calepochc 2012 09 04 20 18 59 0.0 0.0 0.0 
./calepochc 2012 09 04 20 19 29 0.0 0.0 0.0 
./calepochc 2012 09 04 20 19 59 0.0 0.0 0.0 
./calepochc 2012 09 04 20 20 29 0.0 0.0 0.0 
./calepochc 2012 09 04 20 20 59 0.0 0.0 0.0 
./calepochc 2012 09 04 20 21 29 0.0 0.0 0.0 
./calepochc 2012 09 04 20 21 59 0.0 0.0 0.0 
./calepochc 2012 09 04 20 22 29 0.0 0.0 0.0 
./calepochc 2012 09 04 20 22 59 0.0 0.0 0.0 
./calepochc 2012 09 04 20 23 29 0.0 0.0 0.0 
./calepochc 2012 09 04 20 23 59 0.0 0.0 0.0 
./calepochc 2012 09 04 20 24 29 0.0 0.0 0.0 
./calepochc 2012 09 04 20 24 59 0.0 0.0 0.0 
./calepochc 2012 09 04 20 25 29 0.0 0.0 0.0 
./calepochc 2012 09 04 20 25 59 0.0 0.0 0.0 
./calepochc 2012 09 04 20 26 29 0.0 0.0 0.0 
./calepochc 2012 09 04 20 26 59 0.0 0.0 0.0 
./calepochc 2012 09 04 20 27 29 0.0 0.0 0.0 
./calepochc 2012 09 04 20 27 59 0.0 0.0 0.0 
./calepochc 2012 09 04 20 28 29 0.0 0.0 0.0 
./calepochc 2012 09 04 20 28 59 0.0 0.0 0.0 
./calepochc 2012 09 04 20 29 29 0.0 0.0 0.0 
./calepochc 2012 09 04 20 28 59 0.0 0.0 0.0 
./calepochc 2012 09 04 20 29 29 0.0 0.0 0.0 
./calepochc 2012 09 04 20 29 59 0.0 0.0 0.0 
./calepochc 2012 09 04 20 30 29 0.0 0.0 0.0 
./calepochc 2012 09 04 20 30 59 0.0 0.0 0.0 
./calepochc 2012 09 04 20 31 29 0.0 0.0 0.0 
./calepochc 2012 09 04 20 31 59 0.0 0.0 0.0 
./calepochc 2012 09 04 20 32 29 0.0 0.0 0.0 
./calepochc 2012 09 04 20 32 59 0.0 0.0 0.0 
./calepochc 2012 09 04 20 33 29 0.0 0.0 0.0 
./calepochc 2012 09 04 20 33 59 0.0 0.0 0.0 
./calepochc 2012 09 04 20 34 29 0.0 0.0 0.0 
./calepochc 2012 09 04 20 34 59 0.0 0.0 0.0 
./calepochc 2012 09 04 20 35 29 0.0 0.0 0.0 
./calepochc 2012 09 04 20 35 59 0.0 0.0 0.0 
./calepochc 2012 09 04 20 36 29 0.0 0.0 0.0 
./calepochc 2012 09 04 20 36 59 0.0 0.0 0.0 
./calepochc 2012 09 04 20 37 29 0.0 0.0 0.0 
./calepochc 2012 09 04 20 37 59 0.0 0.0 0.0 
./calepochc 2012 09 04 20 38 29 0.0 0.0 0.0 
./calepochc 2012 09 04 20 38 59 0.0 0.0 0.0 
./calepochc 2012 09 04 20 39 29 0.0 0.0 0.0 
./calepochc 2012 09 04 20 39 59 0.0 0.0 0.0 
./calepochc 2012 09 04 20 40 29 0.0 0.0 0.0 
./calepochc 2012 09 04 20 39 59 0.0 0.0 0.0 
./calepochc 2012 09 04 20 40 29 0.0 0.0 0.0 
./calepochc 2012 09 04 20 40 59 0.0 0.0 0.0 
./calepochc 2012 09 04 20 41 29 0.0 0.0 0.0 
./calepochc 2012 09 04 20 41 59 0.0 0.0 0.0 
./calepochc 2012 09 04 20 42 29 0.0 0.0 0.0 
./calepochc 2012 09 04 20 42 59 0.0 0.0 0.0 
./calepochc 2012 09 04 20 43 29 0.0 0.0 0.0 
./calepochc 2012 09 04 20 43 59 0.0 0.0 0.0 
./calepochc 2012 09 04 20 44 29 0.0 0.0 0.0 
./calepochc 2012 09 04 20 44 59 0.0 0.0 0.0 
./calepochc 2012 09 04 20 45 29 0.0 0.0 0.0 
./calepochc 2012 09 04 20 45 59 0.0 0.0 0.0 
./calepochc 2012 09 04 20 46 29 0.0 0.0 0.0 
./calepochc 2012 09 04 20 46 59 0.0 0.0 0.0 
./calepochc 2012 09 04 20 47 29 0.0 0.0 0.0 
./calepochc 2012 09 04 20 47 59 0.0 0.0 0.0 
./calepochc 2012 09 04 20 48 29 0.0 0.0 0.0 
./calepochc 2012 09 04 20 48 59 0.0 0.0 0.0 
./calepochc 2012 09 04 20 49 29 0.0 0.0 0.0 
./calepochc 2012 09 04 20 49 59 0.0 0.0 0.0 
./calepochc 2012 09 04 20 50 29 0.0 0.0 0.0 
./calepochc 2012 09 04 20 50 59 0.0 0.0 0.0 
./calepochc 2012 09 04 20 51 29 0.0 0.0 0.0 
./calepochc 2012 09 04 20 50 59 0.0 0.0 0.0 
./calepochc 2012 09 04 20 51 29 0.0 0.0 0.0 
./calepochc 2012 09 04 20 51 59 0.0 0.0 0.0 
./calepochc 2012 09 04 20 52 29 0.0 0.0 0.0 
./calepochc 2012 09 04 20 52 59 0.0 0.0 0.0 
./calepochc 2012 09 04 20 53 29 0.0 0.0 0.0 
./calepochc 2012 09 04 20 53 59 0.0 0.0 0.0 
./calepochc 2012 09 04 20 54 29 0.0 0.0 0.0 
./calepochc 2012 09 04 20 54 59 0.0 0.0 0.0 
./calepochc 2012 09 04 20 55 29 0.0 0.0 0.0 
./calepochc 2012 09 04 20 55 59 0.0 0.0 0.0 
./calepochc 2012 09 04 20 56 29 0.0 0.0 0.0 
./calepochc 2012 09 04 20 56 59 0.0 0.0 0.0 
./calepochc 2012 09 04 20 57 29 0.0 0.0 0.0 
./calepochc 2012 09 04 20 57 59 0.0 0.0 0.0 
./calepochc 2012 09 04 20 58 29 0.0 0.0 0.0 
./calepochc 2012 09 04 20 58 59 0.0 0.0 0.0 
./calepochc 2012 09 04 20 59 29 0.0 0.0 0.0 
./calepochc 2012 09 04 20 59 59 0.0 0.0 0.0 
./calepochc 2012 09 04 21 0 29 0.0 0.0 0.0 
./calepochc 2012 09 04 21 0 59 0.0 0.0 0.0 
./calepochc 2012 09 04 21 1 29 0.0 0.0 0.0 
./calepochc 2012 09 04 21 1 59 0.0 0.0 0.0 
./calepochc 2012 09 04 21 2 29 0.0 0.0 0.0 
./calepochc 2012 09 04 21 1 59 0.0 0.0 0.0 
./calepochc 2012 09 04 21 2 29 0.0 0.0 0.0 
./calepochc 2012 09 04 21 2 59 0.0 0.0 0.0 
./calepochc 2012 09 04 21 3 29 0.0 0.0 0.0 
./calepochc 2012 09 04 21 3 59 0.0 0.0 0.0 
./calepochc 2012 09 04 21 4 29 0.0 0.0 0.0 
./calepochc 2012 09 04 21 4 59 0.0 0.0 0.0 
./calepochc 2012 09 04 21 5 29 0.0 0.0 0.0 
./calepochc 2012 09 04 21 5 59 0.0 0.0 0.0 
./calepochc 2012 09 04 21 6 29 0.0 0.0 0.0 
./calepochc 2012 09 04 21 6 59 0.0 0.0 0.0 
./calepochc 2012 09 04 21 7 29 0.0 0.0 0.0 
./calepochc 2012 09 04 21 7 59 0.0 0.0 0.0 
./calepochc 2012 09 04 21 8 29 0.0 0.0 0.0 
./calepochc 2012 09 04 21 8 59 0.0 0.0 0.0 
./calepochc 2012 09 04 21 9 29 0.0 0.0 0.0 
./calepochc 2012 09 04 21 9 59 0.0 0.0 0.0 
./calepochc 2012 09 04 21 10 29 0.0 0.0 0.0 
./calepochc 2012 09 04 21 10 59 0.0 0.0 0.0 
./calepochc 2012 09 04 21 11 29 0.0 0.0 0.0 
./calepochc 2012 09 04 21 11 59 0.0 0.0 0.0 
./calepochc 2012 09 04 21 12 29 0.0 0.0 0.0 
./calepochc 2012 09 04 21 12 59 0.0 0.0 0.0 
./calepochc 2012 09 04 21 13 29 0.0 0.0 0.0 
./calepochc 2012 09 04 21 12 59 0.0 0.0 0.0 
./calepochc 2012 09 04 21 13 29 0.0 0.0 0.0 
./calepochc 2012 09 04 21 13 59 0.0 0.0 0.0 
./calepochc 2012 09 04 21 14 29 0.0 0.0 0.0 
./calepochc 2012 09 04 21 14 59 0.0 0.0 0.0 
./calepochc 2012 09 04 21 15 29 0.0 0.0 0.0 
./calepochc 2012 09 04 21 15 59 0.0 0.0 0.0 
./calepochc 2012 09 04 21 16 29 0.0 0.0 0.0 
./calepochc 2012 09 04 21 16 59 0.0 0.0 0.0 
./calepochc 2012 09 04 21 17 29 0.0 0.0 0.0 
./calepochc 2012 09 04 21 17 59 0.0 0.0 0.0 
./calepochc 2012 09 04 21 18 29 0.0 0.0 0.0 
./calepochc 2012 09 04 21 18 59 0.0 0.0 0.0 
./calepochc 2012 09 04 21 19 29 0.0 0.0 0.0 
./calepochc 2012 09 04 21 19 59 0.0 0.0 0.0 
./calepochc 2012 09 04 21 20 29 0.0 0.0 0.0 
./calepochc 2012 09 04 21 20 59 0.0 0.0 0.0 
./calepochc 2012 09 04 21 21 29 0.0 0.0 0.0 
./calepochc 2012 09 04 21 21 59 0.0 0.0 0.0 
./calepochc 2012 09 04 21 22 29 0.0 0.0 0.0 
./calepochc 2012 09 04 21 22 59 0.0 0.0 0.0 
./calepochc 2012 09 04 21 23 29 0.0 0.0 0.0 
./calepochc 2012 09 04 21 23 59 0.0 0.0 0.0 
./calepochc 2012 09 04 21 24 29 0.0 0.0 0.0 
./calepochc 2012 09 04 21 23 59 0.0 0.0 0.0 
./calepochc 2012 09 04 21 24 29 0.0 0.0 0.0 
./calepochc 2012 09 04 21 24 59 0.0 0.0 0.0 
./calepochc 2012 09 04 21 25 29 0.0 0.0 0.0 
./calepochc 2012 09 04 21 25 59 0.0 0.0 0.0 
./calepochc 2012 09 04 21 26 29 0.0 0.0 0.0 
./calepochc 2012 09 04 21 26 59 0.0 0.0 0.0 
./calepochc 2012 09 04 21 27 29 0.0 0.0 0.0 
./calepochc 2012 09 04 21 27 59 0.0 0.0 0.0 
./calepochc 2012 09 04 21 28 29 0.0 0.0 0.0 
./calepochc 2012 09 04 21 28 59 0.0 0.0 0.0 
./calepochc 2012 09 04 21 29 29 0.0 0.0 0.0 
./calepochc 2012 09 04 21 29 59 0.0 0.0 0.0 
./calepochc 2012 09 04 21 30 29 0.0 0.0 0.0 
./calepochc 2012 09 04 21 30 59 0.0 0.0 0.0 
./calepochc 2012 09 04 21 31 29 0.0 0.0 0.0 
./calepochc 2012 09 04 21 31 59 0.0 0.0 0.0 
./calepochc 2012 09 04 21 32 29 0.0 0.0 0.0 
./calepochc 2012 09 04 21 32 59 0.0 0.0 0.0 
./calepochc 2012 09 04 21 33 29 0.0 0.0 0.0 
./calepochc 2012 09 04 21 33 59 0.0 0.0 0.0 
./calepochc 2012 09 04 21 34 29 0.0 0.0 0.0 
./calepochc 2012 09 04 21 34 59 0.0 0.0 0.0 
./calepochc 2012 09 04 21 35 29 0.0 0.0 0.0 
./calepochc 2012 09 04 21 34 59 0.0 0.0 0.0 
./calepochc 2012 09 04 21 35 29 0.0 0.0 0.0 
./calepochc 2012 09 04 21 35 59 0.0 0.0 0.0 
./calepochc 2012 09 04 21 36 29 0.0 0.0 0.0 
./calepochc 2012 09 04 21 36 59 0.0 0.0 0.0 
./calepochc 2012 09 04 21 37 29 0.0 0.0 0.0 
./calepochc 2012 09 04 21 37 59 0.0 0.0 0.0 
./calepochc 2012 09 04 21 38 29 0.0 0.0 0.0 
./calepochc 2012 09 04 21 38 59 0.0 0.0 0.0 
./calepochc 2012 09 04 21 39 29 0.0 0.0 0.0 
./calepochc 2012 09 04 21 39 59 0.0 0.0 0.0 
./calepochc 2012 09 04 21 40 29 0.0 0.0 0.0 
./calepochc 2012 09 04 21 40 59 0.0 0.0 0.0 
./calepochc 2012 09 04 21 41 29 0.0 0.0 0.0 
./calepochc 2012 09 04 21 41 59 0.0 0.0 0.0 
./calepochc 2012 09 04 21 42 29 0.0 0.0 0.0 
./calepochc 2012 09 04 21 42 59 0.0 0.0 0.0 
./calepochc 2012 09 04 21 43 29 0.0 0.0 0.0 
./calepochc 2012 09 04 21 43 59 0.0 0.0 0.0 
./calepochc 2012 09 04 21 44 29 0.0 0.0 0.0 
./calepochc 2012 09 04 21 44 59 0.0 0.0 0.0 
./calepochc 2012 09 04 21 45 29 0.0 0.0 0.0 
./calepochc 2012 09 04 21 45 59 0.0 0.0 0.0 
./calepochc 2012 09 04 21 46 29 0.0 0.0 0.0 
./calepochc 2012 09 04 21 45 59 0.0 0.0 0.0 
./calepochc 2012 09 04 21 46 29 0.0 0.0 0.0 
./calepochc 2012 09 04 21 46 59 0.0 0.0 0.0 
./calepochc 2012 09 04 21 47 29 0.0 0.0 0.0 
./calepochc 2012 09 04 21 47 59 0.0 0.0 0.0 
./calepochc 2012 09 04 21 48 29 0.0 0.0 0.0 
./calepochc 2012 09 04 21 48 59 0.0 0.0 0.0 
./calepochc 2012 09 04 21 49 29 0.0 0.0 0.0 
./calepochc 2012 09 04 21 49 59 0.0 0.0 0.0 
./calepochc 2012 09 04 21 50 29 0.0 0.0 0.0 
./calepochc 2012 09 04 21 50 59 0.0 0.0 0.0 
./calepochc 2012 09 04 21 51 29 0.0 0.0 0.0 
./calepochc 2012 09 04 21 51 59 0.0 0.0 0.0 
./calepochc 2012 09 04 21 52 29 0.0 0.0 0.0 
./calepochc 2012 09 04 21 52 59 0.0 0.0 0.0 
./calepochc 2012 09 04 21 53 29 0.0 0.0 0.0 
./calepochc 2012 09 04 21 53 59 0.0 0.0 0.0 
./calepochc 2012 09 04 21 54 29 0.0 0.0 0.0 
./calepochc 2012 09 04 21 54 59 0.0 0.0 0.0 
./calepochc 2012 09 04 21 55 29 0.0 0.0 0.0 
./calepochc 2012 09 04 21 55 59 0.0 0.0 0.0 
./calepochc 2012 09 04 21 56 29 0.0 0.0 0.0 
./calepochc 2012 09 04 21 56 59 0.0 0.0 0.0 
./calepochc 2012 09 04 21 57 29 0.0 0.0 0.0 
./calepochc 2012 09 04 21 56 59 0.0 0.0 0.0 
./calepochc 2012 09 04 21 57 29 0.0 0.0 0.0 
./calepochc 2012 09 04 21 57 59 0.0 0.0 0.0 
./calepochc 2012 09 04 21 58 29 0.0 0.0 0.0 
./calepochc 2012 09 04 21 58 59 0.0 0.0 0.0 
./calepochc 2012 09 04 21 59 29 0.0 0.0 0.0 
./calepochc 2012 09 04 21 59 59 0.0 0.0 0.0 
./calepochc 2012 09 04 22 0 29 0.0 0.0 0.0 
./calepochc 2012 09 04 22 0 59 0.0 0.0 0.0 
./calepochc 2012 09 04 22 1 29 0.0 0.0 0.0 
./calepochc 2012 09 04 22 1 59 0.0 0.0 0.0 
./calepochc 2012 09 04 22 2 29 0.0 0.0 0.0 
./calepochc 2012 09 04 22 2 59 0.0 0.0 0.0 
./calepochc 2012 09 04 22 3 29 0.0 0.0 0.0 
./calepochc 2012 09 04 22 3 59 0.0 0.0 0.0 
./calepochc 2012 09 04 22 4 29 0.0 0.0 0.0 
./calepochc 2012 09 04 22 4 59 0.0 0.0 0.0 
./calepochc 2012 09 04 22 5 29 0.0 0.0 0.0 
./calepochc 2012 09 04 22 5 59 0.0 0.0 0.0 
./calepochc 2012 09 04 22 6 29 0.0 0.0 0.0 
./calepochc 2012 09 04 22 6 59 0.0 0.0 0.0 
./calepochc 2012 09 04 22 7 29 0.0 0.0 0.0 
./calepochc 2012 09 04 22 7 59 0.0 0.0 0.0 
./calepochc 2012 09 04 22 8 29 0.0 0.0 0.0 
./calepochc 2012 09 04 22 7 59 0.0 0.0 0.0 
./calepochc 2012 09 04 22 8 29 0.0 0.0 0.0 
./calepochc 2012 09 04 22 8 59 0.0 0.0 0.0 
./calepochc 2012 09 04 22 9 29 0.0 0.0 0.0 
./calepochc 2012 09 04 22 9 59 0.0 0.0 0.0 
./calepochc 2012 09 04 22 10 29 0.0 0.0 0.0 
./calepochc 2012 09 04 22 10 59 0.0 0.0 0.0 
./calepochc 2012 09 04 22 11 29 0.0 0.0 0.0 
./calepochc 2012 09 04 22 11 59 0.0 0.0 0.0 
./calepochc 2012 09 04 22 12 29 0.0 0.0 0.0 
./calepochc 2012 09 04 22 12 59 0.0 0.0 0.0 
./calepochc 2012 09 04 22 13 29 0.0 0.0 0.0 
./calepochc 2012 09 04 22 13 59 0.0 0.0 0.0 
./calepochc 2012 09 04 22 14 29 0.0 0.0 0.0 
./calepochc 2012 09 04 22 14 59 0.0 0.0 0.0 
./calepochc 2012 09 04 22 15 29 0.0 0.0 0.0 
./calepochc 2012 09 04 22 15 59 0.0 0.0 0.0 
./calepochc 2012 09 04 22 16 29 0.0 0.0 0.0 
./calepochc 2012 09 04 22 16 59 0.0 0.0 0.0 
./calepochc 2012 09 04 22 17 29 0.0 0.0 0.0 
./calepochc 2012 09 04 22 17 59 0.0 0.0 0.0 
./calepochc 2012 09 04 22 18 29 0.0 0.0 0.0 
./calepochc 2012 09 04 22 18 59 0.0 0.0 0.0 
./calepochc 2012 09 04 22 19 29 0.0 0.0 0.0 
./calepochc 2012 09 04 22 18 59 0.0 0.0 0.0 
./calepochc 2012 09 04 22 19 29 0.0 0.0 0.0 
./calepochc 2012 09 04 22 19 59 0.0 0.0 0.0 
./calepochc 2012 09 04 22 20 29 0.0 0.0 0.0 
./calepochc 2012 09 04 22 20 59 0.0 0.0 0.0 
./calepochc 2012 09 04 22 21 29 0.0 0.0 0.0 
./calepochc 2012 09 04 22 21 59 0.0 0.0 0.0 
./calepochc 2012 09 04 22 22 29 0.0 0.0 0.0 
./calepochc 2012 09 04 22 22 59 0.0 0.0 0.0 
./calepochc 2012 09 04 22 23 29 0.0 0.0 0.0 
./calepochc 2012 09 04 22 23 59 0.0 0.0 0.0 
./calepochc 2012 09 04 22 24 29 0.0 0.0 0.0 
./calepochc 2012 09 04 22 24 59 0.0 0.0 0.0 
./calepochc 2012 09 04 22 25 29 0.0 0.0 0.0 
./calepochc 2012 09 04 22 25 59 0.0 0.0 0.0 
./calepochc 2012 09 04 22 26 29 0.0 0.0 0.0 
./calepochc 2012 09 04 22 26 59 0.0 0.0 0.0 
./calepochc 2012 09 04 22 27 29 0.0 0.0 0.0 
./calepochc 2012 09 04 22 27 59 0.0 0.0 0.0 
./calepochc 2012 09 04 22 28 29 0.0 0.0 0.0 
./calepochc 2012 09 04 22 28 59 0.0 0.0 0.0 
./calepochc 2012 09 04 22 29 29 0.0 0.0 0.0 
./calepochc 2012 09 04 22 29 59 0.0 0.0 0.0 
./calepochc 2012 09 04 22 30 29 0.0 0.0 0.0 
