16.8581 213.628 59.4733
16.8664 213.5 59.539
16.8747 213.371 59.6044
16.8664 213.5 59.539
16.8747 213.371 59.6044
16.8831 213.242 59.6697
16.8747 213.371 59.6044
16.8831 213.242 59.6697
16.8914 213.111 59.7347
16.8997 212.98 59.7995
16.9081 212.849 59.8641
16.9164 212.716 59.9284
16.9247 212.583 59.9925
16.9331 212.449 60.0564
16.9414 212.315 60.12
16.9497 212.179 60.1834
16.9581 212.043 60.2466
16.9664 211.907 60.3095
16.9747 211.769 60.3722
16.9831 211.631 60.4346
16.9914 211.493 60.4968
16.9997 211.353 60.5588
17.0081 211.213 60.6205
17.0164 211.072 60.6819
17.0247 210.93 60.7431
17.0331 210.788 60.8041
17.0414 210.645 60.8648
17.0497 210.501 60.9252
17.0581 210.356 60.9854
17.0664 210.211 61.0453
17.0747 210.065 61.105
17.0831 209.918 61.1643
17.0914 209.77 61.2235
17.0997 209.622 61.2824
17.1081 209.473 61.3409
17.1164 209.323 61.3993
17.1247 209.173 61.4573
17.1331 209.022 61.5151
17.1414 208.87 61.5726
17.1497 208.717 61.6298
17.1581 208.564 61.6868
17.1664 208.409 61.7435
17.1747 208.254 61.7999
17.1831 208.099 61.856
17.1914 207.942 61.9118
17.1997 207.785 61.9673
17.2081 207.627 62.0226
17.2164 207.469 62.0775
17.2247 207.309 62.1322
17.2331 207.149 62.1866
17.2414 206.988 62.2406
17.2497 206.826 62.2944
17.2581 206.664 62.3479
17.2664 206.501 62.401
17.2747 206.337 62.4539
17.2831 206.172 62.5065
17.2914 206.007 62.5587
17.2997 205.841 62.6107
17.3081 205.674 62.6623
17.3164 205.506 62.7136
17.3247 205.338 62.7647
17.3331 205.169 62.8153
17.3414 204.999 62.8657
17.3497 204.828 62.9158
17.3581 204.657 62.9655
17.3497 204.828 62.9158
17.3581 204.657 62.9655
17.3664 204.485 63.0149
17.3747 204.312 63.064
17.3664 204.485 63.0149
17.3747 204.312 63.064
17.3831 204.138 63.1128
17.3914 203.964 63.1612
17.3997 203.789 63.2093
17.4081 203.613 63.257
17.4164 203.437 63.3045
17.4247 203.259 63.3516
17.4331 203.081 63.3983
17.4414 202.903 63.4447
17.4497 202.723 63.4908
17.4581 202.543 63.5365
17.4664 202.362 63.5819
17.4747 202.18 63.6269
17.4831 201.998 63.6716
17.4914 201.815 63.716
17.4997 201.631 63.7599
17.5081 201.447 63.8036
17.5164 201.261 63.8468
17.5247 201.075 63.8897
17.5331 200.889 63.9323
17.5414 200.701 63.9745
17.5497 200.513 64.0163
17.5581 200.324 64.0577
17.5497 200.513 64.0163
17.5581 200.324 64.0577
17.5664 200.135 64.0988
17.5747 199.945 64.1395
17.5831 199.754 64.1799
17.5914 199.562 64.2199
17.5997 199.37 64.2595
17.6081 199.177 64.2987
17.6164 198.983 64.3375
17.6247 198.789 64.376
17.6331 198.594 64.4141
17.6414 198.398 64.4518
17.6497 198.202 64.4891
17.6581 198.005 64.526
17.6664 197.808 64.5625
17.6747 197.609 64.5987
17.6831 197.41 64.6344
17.6914 197.211 64.6698
17.6997 197.011 64.7047
17.7081 196.81 64.7393
17.7164 196.608 64.7735
17.7247 196.406 64.8072
17.7331 196.203 64.8406
17.7414 196 64.8735
17.7331 196.203 64.8406
17.7414 196 64.8735
17.7497 195.796 64.9061
17.7581 195.592 64.9382
17.7664 195.386 64.97
17.7747 195.181 65.0013
17.7831 194.974 65.0322
17.7914 194.767 65.0627
17.7997 194.56 65.0928
17.8081 194.352 65.1224
17.8164 194.143 65.1517
17.8247 193.934 65.1805
17.8331 193.724 65.2089
17.8414 193.514 65.2369
17.8497 193.303 65.2644
17.8581 193.092 65.2916
17.8664 192.88 65.3183
17.8747 192.668 65.3445
17.8831 192.455 65.3704
17.8914 192.241 65.3958
17.8997 192.027 65.4208
17.9081 191.813 65.4453
17.9164 191.598 65.4694
17.9247 191.382 65.4931
17.9164 191.598 65.4694
17.9247 191.382 65.4931
17.9331 191.167 65.5163
17.9414 190.95 65.5391
17.9497 190.733 65.5615
17.9581 190.516 65.5834
17.9664 190.299 65.6048
17.9747 190.08 65.6259
17.9831 189.862 65.6464
17.9914 189.643 65.6666
17.9997 189.424 65.6862
18.0081 189.204 65.7055
18.0164 188.984 65.7243
18.0247 188.763 65.7426
18.0331 188.542 65.7605
18.0414 188.321 65.7779
18.0497 188.099 65.7948
18.0581 187.878 65.8114
18.0664 187.655 65.8274
18.0747 187.433 65.843
18.0831 187.21 65.8582
18.0914 186.986 65.8728
18.0997 186.763 65.8871
18.1081 186.539 65.9008
18.0997 186.763 65.8871
18.1081 186.539 65.9008
18.1164 186.315 65.9141
18.1247 186.09 65.927
18.1331 185.866 65.9393
18.1414 185.641 65.9513
18.1497 185.415 65.9627
18.1581 185.19 65.9737
18.1664 184.964 65.9842
18.1747 184.738 65.9942
18.1831 184.512 66.0038
18.1914 184.286 66.0129
18.1997 184.059 66.0216
18.2081 183.833 66.0298
18.2164 183.606 66.0375
18.2247 183.379 66.0447
18.2331 183.152 66.0515
18.2414 182.925 66.0578
18.2497 182.697 66.0636
18.2581 182.47 66.069
18.2664 182.242 66.0738
18.2747 182.014 66.0783
18.2831 181.786 66.0822
18.2914 181.558 66.0857
18.2831 181.786 66.0822
18.2914 181.558 66.0857
18.2997 181.33 66.0887
18.3081 181.102 66.0912
18.3164 180.874 66.0932
18.3247 180.646 66.0948
18.3331 180.418 66.0959
18.3414 180.19 66.0965
18.3497 179.961 66.0967
18.3581 179.733 66.0964
18.3664 179.505 66.0956
18.3747 179.277 66.0943
18.3831 179.049 66.0926
18.3914 178.821 66.0904
18.3997 178.593 66.0877
18.4081 178.365 66.0845
18.4164 178.137 66.0809
18.4247 177.909 66.0768
18.4331 177.681 66.0722
18.4414 177.454 66.0672
18.4497 177.226 66.0617
18.4581 176.999 66.0557
18.4664 176.771 66.0492
18.4747 176.544 66.0423
18.4664 176.771 66.0492
18.4747 176.544 66.0423
18.4831 176.317 66.0349
18.4914 176.091 66.0271
18.4997 175.864 66.0187
18.5081 175.638 66.0099
18.5164 175.411 66.0006
18.5247 175.185 65.9909
18.5331 174.959 65.9807
18.5414 174.734 65.97
18.5497 174.509 65.9589
18.5581 174.283 65.9473
18.5664 174.059 65.9352
18.5747 173.834 65.9227
18.5831 173.61 65.9097
18.5914 173.386 65.8962
18.5997 173.162 65.8823
18.6081 172.938 65.8679
18.6164 172.715 65.8531
18.6247 172.492 65.8378
18.6331 172.27 65.822
18.6414 172.047 65.8058
18.6497 171.826 65.7892
18.6581 171.604 65.772
18.6497 171.826 65.7892
18.6581 171.604 65.772
18.6664 171.383 65.7545
18.6747 171.162 65.7364
18.6831 170.942 65.718
18.6914 170.722 65.699
18.6997 170.502 65.6796
18.7081 170.283 65.6598
18.7164 170.064 65.6395
18.7247 169.846 65.6188
18.7331 169.628 65.5976
18.7414 169.41 65.576
18.7497 169.193 65.554
18.7581 168.977 65.5315
18.7664 168.76 65.5085
18.7747 168.545 65.4851
18.7831 168.33 65.4613
18.7914 168.115 65.4371
18.7997 167.901 65.4124
18.8081 167.687 65.3873
18.8164 167.473 65.3617
18.8247 167.261 65.3357
18.8331 167.048 65.3093
18.8414 166.837 65.2825
18.8331 167.048 65.3093
18.8414 166.837 65.2825
18.8497 166.626 65.2552
18.8581 166.415 65.2275
18.8664 166.205 65.1994
18.8747 165.995 65.1708
18.8831 165.786 65.1419
18.8914 165.578 65.1125
18.8997 165.37 65.0827
18.9081 165.163 65.0524
18.9164 164.956 65.0218
18.9247 164.75 64.9908
18.9331 164.544 64.9593
18.9414 164.339 64.9274
18.9497 164.135 64.8951
18.9581 163.931 64.8625
18.9664 163.728 64.8294
18.9747 163.526 64.7959
18.9831 163.324 64.762
18.9914 163.122 64.7277
18.9997 162.922 64.693
19.0081 162.722 64.6579
19.0164 162.522 64.6224
19.0247 162.324 64.5865
19.0164 162.522 64.6224
19.0247 162.324 64.5865
19.0331 162.126 64.5502
19.0414 161.928 64.5136
19.0497 161.731 64.4765
19.0581 161.535 64.4391
19.0664 161.34 64.4013
19.0747 161.145 64.363
19.0831 160.951 64.3245
19.0914 160.758 64.2855
19.0997 160.565 64.2461
19.1081 160.373 64.2064
19.1164 160.182 64.1663
19.1247 159.991 64.1258
19.1331 159.801 64.085
19.1414 159.612 64.0438
19.1497 159.423 64.0022
19.1581 159.235 63.9603
19.1664 159.048 63.918
19.1747 158.862 63.8753
19.1831 158.676 63.8323
19.1914 158.491 63.7889
19.1997 158.307 63.7451
19.2081 158.123 63.701
19.1997 158.307 63.7451
19.2081 158.123 63.701
19.2164 157.94 63.6566
19.2247 157.758 63.6118
19.2331 157.577 63.5666
19.2414 157.396 63.5211
19.2497 157.216 63.4753
19.2581 157.037 63.4291
19.2664 156.858 63.3826
19.2747 156.681 63.3357
19.2831 156.504 63.2885
19.2914 156.327 63.241
19.2997 156.152 63.1931
19.3081 155.977 63.1449
19.3164 155.803 63.0963
19.3247 155.63 63.0475
19.3331 155.457 62.9983
19.3414 155.285 62.9487
19.3497 155.114 62.8989
19.3581 154.944 62.8488
19.3664 154.774 62.7983
19.3747 154.605 62.7475
19.3831 154.437 62.6964
19.3914 154.27 62.6449
19.3831 154.437 62.6964
19.3914 154.27 62.6449
19.3997 154.103 62.5932
19.4081 153.937 62.5411
19.4164 153.772 62.4888
19.4247 153.608 62.4361
19.4331 153.444 62.3831
19.4414 153.281 62.3299
19.4497 153.119 62.2763
19.4581 152.957 62.2224
19.4664 152.797 62.1682
19.4747 152.637 62.1138
19.4831 152.478 62.059
19.4914 152.319 62.004
19.4997 152.162 61.9486
19.5081 152.005 61.893
19.5164 151.849 61.8371
19.5247 151.693 61.7809
19.5331 151.539 61.7244
19.5414 151.385 61.6676
19.5497 151.231 61.6106
19.5581 151.079 61.5532
19.5664 150.927 61.4956
19.5747 150.776 61.4377
19.5664 150.927 61.4956
19.5747 150.776 61.4377
19.5831 150.626 61.3796
19.5914 150.477 61.3212
19.5997 150.328 61.2625
19.6081 150.18 61.2035
19.6164 150.032 61.1443
19.6247 149.886 61.0848
19.6331 149.74 61.0251
19.6414 149.595 60.9651
19.6497 149.451 60.9048
19.6581 149.307 60.8443
19.6664 149.164 60.7835
19.6747 149.022 60.7225
19.6831 148.881 60.6612
19.6914 148.74 60.5997
19.6997 148.6 60.5379
19.7081 148.461 60.4758
19.7164 148.322 60.4136
19.7247 148.184 60.351
19.7331 148.047 60.2883
19.7414 147.911 60.2253
19.7497 147.775 60.162
19.7581 147.64 60.0985
19.7497 147.775 60.162
19.7581 147.64 60.0985
19.7664 147.506 60.0348
19.7747 147.372 59.9709
19.7831 147.239 59.9067
19.7914 147.107 59.8423
19.7997 146.975 59.7776
19.8081 146.845 59.7128
19.8164 146.715 59.6477
19.8247 146.585 59.5823
19.8331 146.457 59.5168
19.8414 146.329 59.451
19.8497 146.201 59.385
19.8581 146.075 59.3188
19.8664 145.949 59.2524
19.8747 145.823 59.1858
19.8831 145.699 59.1189
19.8914 145.575 59.0518
19.8997 145.452 58.9846
19.9081 145.329 58.9171
19.9164 145.207 58.8494
19.9247 145.086 58.7815
19.9331 144.966 58.7134
19.9414 144.846 58.645
19.9331 144.966 58.7134
19.9414 144.846 58.645
19.9497 144.726 58.5765
19.9581 144.608 58.5078
19.9664 144.49 58.4389
19.9747 144.373 58.3698
19.9831 144.256 58.3005
19.9914 144.14 58.231
19.9997 144.025 58.1612
20.0081 143.91 58.0913
20.0164 143.796 58.0213
20.0247 143.683 57.951
20.0331 143.57 57.8805
20.0414 143.458 57.8099
20.0497 143.347 57.739
20.0581 143.236 57.668
20.0664 143.126 57.5968
20.0747 143.016 57.5254
20.0831 142.907 57.4538
20.0914 142.799 57.3821
20.0997 142.691 57.3101
20.1081 142.584 57.238
20.1164 142.478 57.1657
20.1247 142.372 57.0933
20.1164 142.478 57.1657
20.1247 142.372 57.0933
20.1331 142.267 57.0207
20.1414 142.162 56.9479
20.1497 142.058 56.8749
20.1581 141.955 56.8017
20.1664 141.852 56.7284
20.1747 141.75 56.6549
20.1831 141.648 56.5813
20.1914 141.547 56.5075
20.1997 141.447 56.4335
20.2081 141.347 56.3594
20.2164 141.247 56.2851
20.2247 141.149 56.2106
20.2331 141.051 56.136
20.2414 140.953 56.0612
20.2497 140.856 55.9863
20.2581 140.76 55.9112
20.2664 140.664 55.8359
20.2747 140.569 55.7606
20.2831 140.474 55.685
20.2914 140.38 55.6093
20.2997 140.286 55.5335
20.3081 140.193 55.4575
20.2997 140.286 55.5335
20.3081 140.193 55.4575
20.3164 140.101 55.3813
20.3247 140.009 55.305
20.3331 139.918 55.2286
20.3414 139.827 55.152
20.3497 139.737 55.0753
20.3581 139.647 54.9984
20.3664 139.558 54.9214
20.3747 139.469 54.8443
20.3831 139.381 54.767
20.3914 139.294 54.6896
20.3997 139.207 54.612
20.4081 139.12 54.5343
20.4164 139.034 54.4565
20.4247 138.949 54.3785
20.4331 138.864 54.3004
20.4414 138.78 54.2222
20.4497 138.696 54.1438
20.4581 138.612 54.0653
20.4664 138.53 53.9867
20.4747 138.447 53.9079
20.4831 138.365 53.829
20.4914 138.284 53.75
20.4831 138.365 53.829
20.4914 138.284 53.75
20.4997 138.203 53.6709
20.5081 138.123 53.5916
20.5164 138.043 53.5123
20.5247 137.964 53.4328
20.5331 137.885 53.3531
20.5414 137.807 53.2734
20.5497 137.729 53.1935
20.5581 137.651 53.1135
20.5664 137.574 53.0334
20.5747 137.498 52.9532
20.5831 137.422 52.8729
20.5914 137.347 52.7924
20.5997 137.272 52.7119
20.6081 137.197 52.6312
20.6164 137.123 52.5504
20.6247 137.05 52.4695
20.6331 136.977 52.3885
20.6414 136.904 52.3073
20.6497 136.832 52.2261
20.6581 136.76 52.1448
20.6664 136.689 52.0633
20.6747 136.618 51.9817
20.6664 136.689 52.0633
20.6747 136.618 51.9817
20.6831 136.548 51.9001
20.6914 136.478 51.8183
20.6997 136.408 51.7364
20.7081 136.339 51.6544
20.7164 136.271 51.5724
20.7247 136.203 51.4902
20.7331 136.135 51.4079
20.7414 136.068 51.3255
20.7497 136.001 51.243
20.7581 135.935 51.1604
20.7664 135.869 51.0777
20.7747 135.803 50.9949
20.7831 135.738 50.912
20.7914 135.674 50.8291
20.7997 135.609 50.746
20.8081 135.545 50.6628
20.8164 135.482 50.5796
20.8247 135.419 50.4962
20.8331 135.357 50.4128
20.8414 135.294 50.3292
20.8497 135.233 50.2456
20.8581 135.171 50.1619
20.8497 135.233 50.2456
20.8581 135.171 50.1619
20.8664 135.11 50.078
20.8747 135.05 49.9941
20.8831 134.99 49.9101
20.8914 134.93 49.8261
20.8997 134.871 49.7419
20.9081 134.812 49.6576
20.9164 134.753 49.5733
20.9247 134.695 49.4889
20.9331 134.638 49.4044
20.9414 134.58 49.3198
20.9497 134.523 49.2351
20.9581 134.467 49.1504
20.9664 134.411 49.0655
20.9747 134.355 48.9806
20.9831 134.299 48.8956
20.9914 134.244 48.8105
20.9997 134.19 48.7253
21.0081 134.135 48.6401
21.0164 134.082 48.5548
21.0247 134.028 48.4694
21.0331 133.975 48.3839
21.0414 133.922 48.2984
21.0331 133.975 48.3839
21.0414 133.922 48.2984
21.0497 133.87 48.2128
21.0581 133.818 48.127
21.0664 133.766 48.0413
21.0747 133.715 47.9554
21.0831 133.664 47.8695
21.0914 133.613 47.7835
21.0997 133.563 47.6974
21.1081 133.513 47.6113
21.1164 133.463 47.5251
21.1247 133.414 47.4388
21.1331 133.365 47.3525
21.1414 133.317 47.2661
21.1497 133.268 47.1796
21.1581 133.221 47.093
21.1664 133.173 47.0064
21.1747 133.126 46.9197
21.1831 133.079 46.8329
21.1914 133.033 46.7461
21.1997 132.987 46.6592
21.2081 132.941 46.5723
21.2164 132.895 46.4853
21.2247 132.85 46.3982
21.2164 132.895 46.4853
21.2247 132.85 46.3982
21.2331 132.806 46.311
21.2414 132.761 46.2238
21.2497 132.717 46.1366
21.2581 132.673 46.0492
21.2664 132.63 45.9618
21.2747 132.586 45.8744
21.2831 132.544 45.7869
21.2914 132.501 45.6993
21.2997 132.459 45.6116
21.3081 132.417 45.524
21.3164 132.375 45.4362
21.3247 132.334 45.3484
21.3331 132.293 45.2605
21.3414 132.253 45.1726
21.3497 132.212 45.0846
21.3581 132.172 44.9966
21.3664 132.132 44.9085
21.3747 132.093 44.8204
21.3831 132.054 44.7322
21.3914 132.015 44.6439
21.3997 131.977 44.5556
21.4081 131.938 44.4672
21.3997 131.977 44.5556
21.4081 131.938 44.4672
21.4164 131.901 44.3788
21.4247 131.863 44.2903
21.4331 131.826 44.2018
21.4414 131.789 44.1133
21.4497 131.752 44.0246
21.4581 131.715 43.936
21.4664 131.679 43.8472
21.4747 131.643 43.7585
21.4831 131.608 43.6696
21.4914 131.573 43.5808
21.4997 131.538 43.4919
21.5081 131.503 43.4029
21.5164 131.468 43.3139
21.5247 131.434 43.2248
21.5331 131.4 43.1357
21.5414 131.367 43.0466
21.5497 131.334 42.9574
21.5581 131.301 42.8681
21.5664 131.268 42.7788
21.5747 131.235 42.6895
21.5831 131.203 42.6001
21.5914 131.171 42.5107
21.5831 131.203 42.6001
21.5914 131.171 42.5107
21.5997 131.139 42.4212
21.6081 131.108 42.3317
21.6164 131.077 42.2422
21.6247 131.046 42.1526
21.6331 131.015 42.0629
21.6414 130.985 41.9733
21.6497 130.955 41.8836
21.6581 130.925 41.7938
21.6664 130.896 41.704
21.6747 130.866 41.6142
21.6831 130.837 41.5243
21.6914 130.809 41.4344
21.6997 130.78 41.3444
21.7081 130.752 41.2544
21.7164 130.724 41.1644
21.7247 130.696 41.0743
21.7331 130.668 40.9842
21.7414 130.641 40.8941
21.7497 130.614 40.8039
21.7581 130.587 40.7136
21.7664 130.561 40.6234
21.7747 130.535 40.5331
21.7664 130.561 40.6234
21.7747 130.535 40.5331
21.7831 130.509 40.4428
21.7914 130.483 40.3524
21.7997 130.457 40.262
21.8081 130.432 40.1716
21.8164 130.407 40.0811
21.8247 130.382 39.9906
21.8331 130.358 39.9001
21.8414 130.333 39.8095
21.8497 130.309 39.719
21.8581 130.285 39.6283
21.8664 130.262 39.5377
21.8747 130.238 39.447
21.8831 130.215 39.3563
21.8914 130.192 39.2655
21.8997 130.17 39.1747
21.9081 130.147 39.0839
21.9164 130.125 38.9931
21.9247 130.103 38.9022
21.9331 130.081 38.8113
21.9414 130.06 38.7204
21.9497 130.039 38.6294
21.9581 130.017 38.5384
21.9497 130.039 38.6294
21.9581 130.017 38.5384
21.9664 129.997 38.4474
21.9747 129.976 38.3564
21.9831 129.956 38.2653
21.9914 129.935 38.1742
21.9997 129.915 38.0831
22.0081 129.896 37.9919
22.0164 129.876 37.9008
22.0247 129.857 37.8095
22.0331 129.838 37.7183
22.0414 129.819 37.6271
22.0497 129.8 37.5358
22.0581 129.782 37.4445
22.0664 129.764 37.3532
22.0747 129.746 37.2618
22.0831 129.728 37.1704
22.0914 129.71 37.079
22.0997 129.693 36.9876
22.1081 129.676 36.8962
22.1164 129.659 36.8047
22.1247 129.642 36.7132
22.1331 129.625 36.6217
22.1414 129.609 36.5302
22.1331 129.625 36.6217
22.1414 129.609 36.5302
22.1497 129.593 36.4386
22.1581 129.577 36.3471
22.1664 129.561 36.2555
22.1747 129.546 36.1638
22.1831 129.531 36.0722
22.1914 129.515 35.9806
22.1997 129.501 35.8889
22.2081 129.486 35.7972
22.2164 129.471 35.7055
22.2247 129.457 35.6137
22.2331 129.443 35.522
22.2414 129.429 35.4302
22.2497 129.415 35.3384
22.2581 129.402 35.2466
22.2664 129.389 35.1548
22.2747 129.376 35.0629
22.2831 129.363 34.9711
22.2914 129.35 34.8792
22.2997 129.337 34.7873
22.3081 129.325 34.6954
22.3164 129.313 34.6035
22.3247 129.301 34.5115
22.3164 129.313 34.6035
22.3247 129.301 34.5115
22.3331 129.289 34.4196
22.3414 129.278 34.3276
22.3497 129.266 34.2356
22.3581 129.255 34.1436
22.3664 129.244 34.0516
22.3747 129.233 33.9596
22.3831 129.223 33.8675
22.3914 129.212 33.7755
22.3997 129.202 33.6834
22.4081 129.192 33.5913
22.4164 129.182 33.4992
22.4247 129.172 33.4071
22.4331 129.163 33.315
22.4414 129.153 33.2228
22.4497 129.144 33.1307
22.4581 129.135 33.0385
22.4664 129.127 32.9464
22.4747 129.118 32.8542
22.4831 129.109 32.762
22.4914 129.101 32.6698
22.4997 129.093 32.5776
22.5081 129.085 32.4853
