16.8581 232.906 25.5915
16.8664 232.912 25.6863
16.8747 232.917 25.7811
16.8664 232.912 25.6863
16.8747 232.917 25.7811
16.8831 232.922 25.8759
16.8747 232.917 25.7811
16.8831 232.922 25.8759
16.8914 232.927 25.9707
16.8997 232.932 26.0655
16.9081 232.937 26.1603
16.9164 232.942 26.2551
16.9247 232.946 26.35
16.9331 232.951 26.4448
16.9414 232.955 26.5396
16.9497 232.959 26.6345
16.9581 232.963 26.7293
16.9664 232.967 26.8242
16.9747 232.97 26.919
16.9831 232.974 27.0139
16.9914 232.977 27.1088
16.9997 232.98 27.2036
17.0081 232.983 27.2985
17.0164 232.986 27.3934
17.0247 232.989 27.4883
17.0331 232.992 27.5831
17.0414 232.994 27.678
17.0497 232.996 27.7729
17.0581 232.999 27.8678
17.0664 233.001 27.9627
17.0747 233.002 28.0576
17.0831 233.004 28.1525
17.0914 233.006 28.2474
17.0997 233.007 28.3423
17.1081 233.008 28.4372
17.1164 233.009 28.5321
17.1247 233.01 28.627
17.1331 233.011 28.722
17.1414 233.012 28.8169
17.1497 233.012 28.9118
17.1581 233.013 29.0067
17.1664 233.013 29.1016
17.1747 233.013 29.1965
17.1831 233.013 29.2914
17.1914 233.012 29.3863
17.1997 233.012 29.4812
17.2081 233.011 29.5762
17.2164 233.011 29.6711
17.2247 233.01 29.766
17.2331 233.009 29.8609
17.2414 233.007 29.9558
17.2497 233.006 30.0507
17.2581 233.004 30.1456
17.2664 233.003 30.2405
17.2747 233.001 30.3354
17.2831 232.999 30.4303
17.2914 232.997 30.5252
17.2997 232.994 30.6201
17.3081 232.992 30.715
17.3164 232.989 30.8099
17.3247 232.986 30.9047
17.3331 232.983 30.9996
17.3414 232.98 31.0945
17.3497 232.977 31.1894
17.3581 232.973 31.2842
17.3497 232.977 31.1894
17.3581 232.973 31.2842
17.3664 232.97 31.3791
17.3747 232.966 31.4739
17.3664 232.97 31.3791
17.3747 232.966 31.4739
17.3831 232.962 31.5688
17.3914 232.958 31.6636
17.3997 232.953 31.7585
17.4081 232.949 31.8533
17.4164 232.944 31.9481
17.4247 232.939 32.043
17.4331 232.934 32.1378
17.4414 232.929 32.2326
17.4497 232.924 32.3274
17.4581 232.918 32.4222
17.4664 232.912 32.517
17.4747 232.907 32.6118
17.4831 232.901 32.7065
17.4914 232.894 32.8013
17.4997 232.888 32.8961
17.5081 232.881 32.9908
17.5164 232.875 33.0856
17.5247 232.868 33.1803
17.5331 232.861 33.275
17.5414 232.853 33.3697
17.5497 232.846 33.4645
17.5581 232.838 33.5592
17.5497 232.846 33.4645
17.5581 232.838 33.5592
17.5664 232.83 33.6538
17.5747 232.823 33.7485
17.5831 232.814 33.8432
17.5914 232.806 33.9379
17.5997 232.797 34.0325
17.6081 232.789 34.1271
17.6164 232.78 34.2218
17.6247 232.771 34.3164
17.6331 232.761 34.411
17.6414 232.752 34.5056
17.6497 232.742 34.6002
17.6581 232.733 34.6947
17.6664 232.723 34.7893
17.6747 232.712 34.8838
17.6831 232.702 34.9784
17.6914 232.691 35.0729
17.6997 232.681 35.1674
17.7081 232.67 35.2619
17.7164 232.659 35.3563
17.7247 232.647 35.4508
17.7331 232.636 35.5453
17.7414 232.624 35.6397
17.7331 232.636 35.5453
17.7414 232.624 35.6397
17.7497 232.612 35.7341
17.7581 232.6 35.8285
17.7664 232.588 35.9229
17.7747 232.575 36.0173
17.7831 232.562 36.1116
17.7914 232.55 36.206
17.7997 232.536 36.3003
17.8081 232.523 36.3946
17.8164 232.51 36.4889
17.8247 232.496 36.5832
17.8331 232.482 36.6774
17.8414 232.468 36.7716
17.8497 232.454 36.8659
17.8581 232.439 36.9601
17.8664 232.424 37.0542
17.8747 232.41 37.1484
17.8831 232.394 37.2426
17.8914 232.379 37.3367
17.8997 232.364 37.4308
17.9081 232.348 37.5249
17.9164 232.332 37.6189
17.9247 232.316 37.713
17.9164 232.332 37.6189
17.9247 232.316 37.713
17.9331 232.299 37.807
17.9414 232.283 37.901
17.9497 232.266 37.995
17.9581 232.249 38.089
17.9664 232.232 38.1829
17.9747 232.214 38.2768
17.9831 232.197 38.3707
17.9914 232.179 38.4646
17.9997 232.161 38.5584
18.0081 232.142 38.6523
18.0164 232.124 38.7461
18.0247 232.105 38.8398
18.0331 232.086 38.9336
18.0414 232.067 39.0273
18.0497 232.047 39.121
18.0581 232.028 39.2147
18.0664 232.008 39.3084
18.0747 231.988 39.402
18.0831 231.967 39.4956
18.0914 231.947 39.5892
18.0997 231.926 39.6828
18.1081 231.905 39.7763
18.0997 231.926 39.6828
18.1081 231.905 39.7763
18.1164 231.884 39.8698
18.1247 231.862 39.9633
18.1331 231.841 40.0567
18.1414 231.819 40.1501
18.1497 231.796 40.2435
18.1581 231.774 40.3369
18.1664 231.751 40.4302
18.1747 231.728 40.5235
18.1831 231.705 40.6168
18.1914 231.682 40.71
18.1997 231.658 40.8032
18.2081 231.635 40.8964
18.2164 231.61 40.9895
18.2247 231.586 41.0827
18.2331 231.561 41.1757
18.2414 231.537 41.2688
18.2497 231.512 41.3618
18.2581 231.486 41.4548
18.2664 231.461 41.5478
18.2747 231.435 41.6407
18.2831 231.409 41.7336
18.2914 231.382 41.8264
18.2831 231.409 41.7336
18.2914 231.382 41.8264
18.2997 231.356 41.9193
18.3081 231.329 42.0121
18.3164 231.302 42.1048
18.3247 231.274 42.1975
18.3331 231.247 42.2902
18.3414 231.219 42.3829
18.3497 231.191 42.4755
18.3581 231.162 42.568
18.3664 231.134 42.6606
18.3747 231.105 42.7531
18.3831 231.075 42.8455
18.3914 231.046 42.9379
18.3997 231.016 43.0303
18.4081 230.986 43.1227
18.4164 230.956 43.215
18.4247 230.925 43.3073
18.4331 230.895 43.3995
18.4414 230.863 43.4917
18.4497 230.832 43.5838
18.4581 230.8 43.6759
18.4664 230.768 43.768
18.4747 230.736 43.86
18.4664 230.768 43.768
18.4747 230.736 43.86
18.4831 230.704 43.952
18.4914 230.671 44.0439
18.4997 230.638 44.1358
18.5081 230.604 44.2276
18.5164 230.571 44.3194
18.5247 230.537 44.4112
18.5331 230.503 44.5029
18.5414 230.468 44.5946
18.5497 230.433 44.6862
18.5581 230.398 44.7778
18.5664 230.363 44.8693
18.5747 230.327 44.9608
18.5831 230.291 45.0522
18.5914 230.255 45.1436
18.5997 230.218 45.2349
18.6081 230.181 45.3262
18.6164 230.144 45.4175
18.6247 230.106 45.5087
18.6331 230.069 45.5998
18.6414 230.03 45.6909
18.6497 229.992 45.7819
18.6581 229.953 45.8729
18.6497 229.992 45.7819
18.6581 229.953 45.8729
18.6664 229.914 45.9639
18.6747 229.875 46.0547
18.6831 229.835 46.1456
18.6914 229.795 46.2363
18.6997 229.755 46.3271
18.7081 229.714 46.4177
18.7164 229.673 46.5084
18.7247 229.632 46.5989
18.7331 229.59 46.6894
18.7414 229.548 46.7799
18.7497 229.506 46.8702
18.7581 229.463 46.9606
18.7664 229.42 47.0509
18.7747 229.377 47.1411
18.7831 229.333 47.2312
18.7914 229.289 47.3213
18.7997 229.245 47.4114
18.8081 229.2 47.5014
18.8164 229.155 47.5913
18.8247 229.11 47.6811
18.8331 229.064 47.7709
18.8414 229.018 47.8607
18.8331 229.064 47.7709
18.8414 229.018 47.8607
18.8497 228.972 47.9503
18.8581 228.925 48.0399
18.8664 228.878 48.1295
18.8747 228.83 48.2189
18.8831 228.782 48.3084
18.8914 228.734 48.3977
18.8997 228.686 48.487
18.9081 228.637 48.5762
18.9164 228.588 48.6654
18.9247 228.538 48.7544
18.9331 228.488 48.8434
18.9414 228.437 48.9324
18.9497 228.387 49.0213
18.9581 228.336 49.1101
18.9664 228.284 49.1988
18.9747 228.232 49.2875
18.9831 228.18 49.376
18.9914 228.127 49.4646
18.9997 228.074 49.553
19.0081 228.021 49.6414
19.0164 227.967 49.7297
19.0247 227.913 49.8179
19.0164 227.967 49.7297
19.0247 227.913 49.8179
19.0331 227.858 49.906
19.0414 227.803 49.9941
19.0497 227.748 50.0821
19.0581 227.692 50.17
19.0664 227.636 50.2578
19.0747 227.579 50.3456
19.0831 227.522 50.4333
19.0914 227.465 50.5209
19.0997 227.407 50.6084
19.1081 227.349 50.6958
19.1164 227.29 50.7832
19.1247 227.231 50.8704
19.1331 227.171 50.9576
19.1414 227.112 51.0447
19.1497 227.051 51.1318
19.1581 226.99 51.2187
19.1664 226.929 51.3055
19.1747 226.868 51.3923
19.1831 226.806 51.479
19.1914 226.743 51.5655
19.1997 226.68 51.652
19.2081 226.617 51.7384
19.1997 226.68 51.652
19.2081 226.617 51.7384
19.2164 226.553 51.8247
19.2247 226.489 51.911
19.2331 226.424 51.9971
19.2414 226.359 52.0831
19.2497 226.293 52.1691
19.2581 226.227 52.2549
19.2664 226.161 52.3407
19.2747 226.094 52.4263
19.2831 226.026 52.5119
19.2914 225.958 52.5973
19.2997 225.89 52.6827
19.3081 225.821 52.768
19.3164 225.752 52.8531
19.3247 225.682 52.9382
19.3331 225.612 53.0232
19.3414 225.541 53.108
19.3497 225.47 53.1928
19.3581 225.398 53.2774
19.3664 225.326 53.362
19.3747 225.253 53.4465
19.3831 225.18 53.5308
19.3914 225.106 53.615
19.3831 225.18 53.5308
19.3914 225.106 53.615
19.3997 225.032 53.6991
19.4081 224.958 53.7832
19.4164 224.882 53.8671
19.4247 224.807 53.9509
19.4331 224.731 54.0345
19.4414 224.654 54.1181
19.4497 224.577 54.2015
19.4581 224.499 54.2849
19.4664 224.421 54.3681
19.4747 224.342 54.4512
19.4831 224.263 54.5342
19.4914 224.183 54.6171
19.4997 224.102 54.6998
19.5081 224.022 54.7825
19.5164 223.94 54.865
19.5247 223.858 54.9474
19.5331 223.776 55.0296
19.5414 223.693 55.1118
19.5497 223.609 55.1938
19.5581 223.525 55.2757
19.5664 223.44 55.3575
19.5747 223.355 55.4391
19.5664 223.44 55.3575
19.5747 223.355 55.4391
19.5831 223.269 55.5206
19.5914 223.183 55.602
19.5997 223.096 55.6832
19.6081 223.008 55.7644
19.6164 222.92 55.8454
19.6247 222.832 55.9262
19.6331 222.742 56.0069
19.6414 222.653 56.0875
19.6497 222.562 56.1679
19.6581 222.471 56.2482
19.6664 222.38 56.3284
19.6747 222.287 56.4084
19.6831 222.195 56.4883
19.6914 222.101 56.568
19.6997 222.007 56.6476
19.7081 221.913 56.7271
19.7164 221.818 56.8064
19.7247 221.722 56.8855
19.7331 221.626 56.9645
19.7414 221.529 57.0434
19.7497 221.431 57.1221
19.7581 221.333 57.2006
19.7497 221.431 57.1221
19.7581 221.333 57.2006
19.7664 221.234 57.279
19.7747 221.134 57.3573
19.7831 221.034 57.4354
19.7914 220.933 57.5133
19.7997 220.832 57.5911
19.8081 220.73 57.6687
19.8164 220.627 57.7461
19.8247 220.524 57.8234
19.8331 220.42 57.9005
19.8414 220.315 57.9775
19.8497 220.21 58.0543
19.8581 220.104 58.1309
19.8664 219.997 58.2074
19.8747 219.89 58.2837
19.8831 219.782 58.3598
19.8914 219.674 58.4357
19.8997 219.564 58.5115
19.9081 219.454 58.5871
19.9164 219.344 58.6625
19.9247 219.232 58.7378
19.9331 219.12 58.8128
19.9414 219.007 58.8877
19.9331 219.12 58.8128
19.9414 219.007 58.8877
19.9497 218.894 58.9624
19.9581 218.78 59.0369
19.9664 218.665 59.1113
19.9747 218.549 59.1854
19.9831 218.433 59.2593
19.9914 218.316 59.3331
19.9997 218.199 59.4067
20.0081 218.08 59.4801
20.0164 217.961 59.5533
20.0247 217.841 59.6263
20.0331 217.721 59.6991
20.0414 217.599 59.7716
20.0497 217.477 59.844
20.0581 217.354 59.9162
20.0664 217.231 59.9882
20.0747 217.107 60.06
20.0831 216.982 60.1316
20.0914 216.856 60.203
20.0997 216.729 60.2741
20.1081 216.602 60.3451
20.1164 216.474 60.4159
20.1247 216.345 60.4864
20.1164 216.474 60.4159
20.1247 216.345 60.4864
20.1331 216.216 60.5567
20.1414 216.085 60.6268
20.1497 215.954 60.6967
20.1581 215.822 60.7663
20.1664 215.69 60.8357
20.1747 215.556 60.9049
20.1831 215.422 60.9739
20.1914 215.287 61.0427
20.1997 215.151 61.1112
20.2081 215.015 61.1795
20.2164 214.877 61.2476
20.2247 214.739 61.3154
20.2331 214.6 61.383
20.2414 214.461 61.4504
20.2497 214.32 61.5175
20.2581 214.179 61.5843
20.2664 214.036 61.651
20.2747 213.893 61.7174
20.2831 213.75 61.7835
20.2914 213.605 61.8494
20.2997 213.459 61.915
20.3081 213.313 61.9804
20.2997 213.459 61.915
20.3081 213.313 61.9804
20.3164 213.166 62.0455
20.3247 213.018 62.1104
20.3331 212.869 62.175
20.3414 212.72 62.2394
20.3497 212.569 62.3035
20.3581 212.418 62.3673
20.3664 212.266 62.4309
20.3747 212.113 62.4942
20.3831 211.959 62.5572
20.3914 211.804 62.62
20.3997 211.649 62.6825
20.4081 211.493 62.7447
20.4164 211.335 62.8066
20.4247 211.177 62.8683
20.4331 211.018 62.9296
20.4414 210.859 62.9907
20.4497 210.698 63.0515
20.4581 210.536 63.112
20.4664 210.374 63.1723
20.4747 210.211 63.2322
20.4831 210.047 63.2919
20.4914 209.882 63.3512
20.4831 210.047 63.2919
20.4914 209.882 63.3512
20.4997 209.716 63.4102
20.5081 209.549 63.469
20.5164 209.382 63.5275
20.5247 209.213 63.5856
20.5331 209.044 63.6434
20.5414 208.874 63.701
20.5497 208.703 63.7582
20.5581 208.531 63.8151
20.5664 208.358 63.8717
20.5747 208.184 63.928
20.5831 208.009 63.9839
20.5914 207.834 64.0396
20.5997 207.658 64.0949
20.6081 207.48 64.1499
20.6164 207.302 64.2046
20.6247 207.123 64.2589
20.6331 206.943 64.3129
20.6414 206.763 64.3666
20.6497 206.581 64.4199
20.6581 206.398 64.4729
20.6664 206.215 64.5256
20.6747 206.031 64.5779
20.6664 206.215 64.5256
20.6747 206.031 64.5779
20.6831 205.845 64.6299
20.6914 205.659 64.6815
20.6997 205.472 64.7328
20.7081 205.285 64.7837
20.7164 205.096 64.8343
20.7247 204.906 64.8845
20.7331 204.716 64.9343
20.7414 204.525 64.9838
20.7497 204.332 65.033
20.7581 204.139 65.0818
20.7664 203.945 65.1302
20.7747 203.751 65.1782
20.7831 203.555 65.2259
20.7914 203.358 65.2732
20.7997 203.161 65.3201
20.8081 202.963 65.3666
20.8164 202.764 65.4128
20.8247 202.564 65.4586
20.8331 202.363 65.504
20.8414 202.161 65.549
20.8497 201.958 65.5937
20.8581 201.755 65.6379
20.8497 201.958 65.5937
20.8581 201.755 65.6379
20.8664 201.551 65.6817
20.8747 201.346 65.7252
20.8831 201.14 65.7682
20.8914 200.933 65.8109
20.8997 200.725 65.8531
20.9081 200.517 65.895
20.9164 200.308 65.9364
20.9247 200.098 65.9775
20.9331 199.887 66.0181
20.9414 199.675 66.0583
20.9497 199.463 66.0981
20.9581 199.249 66.1375
20.9664 199.035 66.1764
20.9747 198.82 66.215
20.9831 198.605 66.2531
20.9914 198.388 66.2908
20.9997 198.171 66.3281
21.0081 197.953 66.3649
21.0164 197.734 66.4013
21.0247 197.515 66.4373
21.0331 197.294 66.4728
21.0414 197.073 66.5079
21.0331 197.294 66.4728
21.0414 197.073 66.5079
21.0497 196.851 66.5426
21.0581 196.629 66.5768
21.0664 196.406 66.6106
21.0747 196.182 66.644
21.0831 195.957 66.6769
21.0914 195.731 66.7093
21.0997 195.505 66.7413
21.1081 195.278 66.7728
21.1164 195.051 66.8039
21.1247 194.823 66.8345
21.1331 194.594 66.8647
21.1414 194.364 66.8944
21.1497 194.134 66.9237
21.1581 193.903 66.9524
21.1664 193.672 66.9808
21.1747 193.439 67.0086
21.1831 193.207 67.036
21.1914 192.973 67.0629
21.1997 192.739 67.0893
21.2081 192.505 67.1153
21.2164 192.269 67.1408
21.2247 192.034 67.1658
21.2164 192.269 67.1408
21.2247 192.034 67.1658
21.2331 191.797 67.1903
21.2414 191.56 67.2144
21.2497 191.323 67.238
21.2581 191.085 67.2611
21.2664 190.846 67.2837
21.2747 190.607 67.3058
21.2831 190.367 67.3274
21.2914 190.127 67.3485
21.2997 189.886 67.3692
21.3081 189.645 67.3893
21.3164 189.404 67.409
21.3247 189.162 67.4282
21.3331 188.919 67.4468
21.3414 188.676 67.465
21.3497 188.433 67.4827
21.3581 188.189 67.4999
21.3664 187.945 67.5165
21.3747 187.7 67.5327
21.3831 187.455 67.5484
21.3914 187.21 67.5635
21.3997 186.964 67.5782
21.4081 186.718 67.5924
21.3997 186.964 67.5782
21.4081 186.718 67.5924
21.4164 186.471 67.606
21.4247 186.224 67.6191
21.4331 185.977 67.6318
21.4414 185.73 67.6439
21.4497 185.482 67.6555
21.4581 185.234 67.6666
21.4664 184.986 67.6772
21.4747 184.737 67.6872
21.4831 184.489 67.6968
21.4914 184.24 67.7058
21.4997 183.99 67.7144
21.5081 183.741 67.7224
21.5164 183.491 67.7299
21.5247 183.241 67.7368
21.5331 182.991 67.7433
21.5414 182.741 67.7492
21.5497 182.491 67.7547
21.5581 182.241 67.7596
21.5664 181.99 67.764
21.5747 181.74 67.7678
21.5831 181.489 67.7712
21.5914 181.238 67.774
21.5831 181.489 67.7712
21.5914 181.238 67.774
21.5997 180.987 67.7763
21.6081 180.736 67.7781
21.6164 180.485 67.7794
21.6247 180.234 67.7801
21.6331 179.983 67.7803
21.6414 179.732 67.78
21.6497 179.481 67.7792
21.6581 179.23 67.7779
21.6664 178.98 67.776
21.6747 178.729 67.7737
21.6831 178.478 67.7708
21.6914 178.227 67.7673
21.6997 177.977 67.7634
21.7081 177.726 67.759
21.7164 177.476 67.754
21.7247 177.225 67.7485
21.7331 176.975 67.7425
21.7414 176.725 67.736
21.7497 176.476 67.7289
21.7581 176.226 67.7213
21.7664 175.977 67.7133
21.7747 175.727 67.7047
21.7664 175.977 67.7133
21.7747 175.727 67.7047
21.7831 175.478 67.6956
21.7914 175.23 67.6859
21.7997 174.981 67.6758
21.8081 174.733 67.6651
21.8164 174.485 67.654
21.8247 174.237 67.6423
21.8331 173.99 67.6301
21.8414 173.743 67.6174
21.8497 173.496 67.6042
21.8581 173.25 67.5905
21.8664 173.004 67.5763
21.8747 172.758 67.5616
21.8831 172.512 67.5463
21.8914 172.268 67.5306
21.8997 172.023 67.5143
21.9081 171.779 67.4976
21.9164 171.535 67.4804
21.9247 171.292 67.4626
21.9331 171.049 67.4444
21.9414 170.806 67.4257
21.9497 170.564 67.4064
21.9581 170.323 67.3867
21.9497 170.564 67.4064
21.9581 170.323 67.3867
21.9664 170.082 67.3665
21.9747 169.841 67.3458
21.9831 169.601 67.3246
21.9914 169.361 67.3029
21.9997 169.122 67.2807
22.0081 168.884 67.258
22.0164 168.646 67.2349
22.0247 168.408 67.2112
22.0331 168.171 67.1871
22.0414 167.935 67.1625
22.0497 167.699 67.1374
22.0581 167.464 67.1119
22.0664 167.23 67.0859
22.0747 166.996 67.0594
22.0831 166.762 67.0324
22.0914 166.53 67.0049
22.0997 166.298 66.977
22.1081 166.066 66.9487
22.1164 165.835 66.9198
22.1247 165.605 66.8905
22.1331 165.376 66.8607
22.1414 165.147 66.8305
22.1331 165.376 66.8607
22.1414 165.147 66.8305
22.1497 164.919 66.7998
22.1581 164.691 66.7687
22.1664 164.465 66.7371
22.1747 164.239 66.705
22.1831 164.013 66.6725
22.1914 163.789 66.6396
22.1997 163.565 66.6062
22.2081 163.341 66.5723
22.2164 163.119 66.538
22.2247 162.897 66.5033
22.2331 162.676 66.4682
22.2414 162.456 66.4326
22.2497 162.237 66.3965
22.2581 162.018 66.3601
22.2664 161.8 66.3232
22.2747 161.583 66.2858
22.2831 161.367 66.2481
22.2914 161.151 66.2099
22.2997 160.936 66.1713
22.3081 160.722 66.1323
22.3164 160.509 66.0928
22.3247 160.297 66.053
22.3164 160.509 66.0928
22.3247 160.297 66.053
22.3331 160.085 66.0127
22.3414 159.874 65.972
22.3497 159.664 65.931
22.3581 159.455 65.8895
22.3664 159.247 65.8476
22.3747 159.039 65.8052
22.3831 158.833 65.7625
22.3914 158.627 65.7194
22.3997 158.422 65.6759
22.4081 158.218 65.632
22.4164 158.015 65.5877
22.4247 157.812 65.5431
22.4331 157.611 65.498
22.4414 157.41 65.4525
22.4497 157.21 65.4067
22.4581 157.011 65.3605
22.4664 156.813 65.3139
22.4747 156.615 65.2669
22.4831 156.419 65.2196
22.4914 156.224 65.1719
22.4997 156.029 65.1238
22.5081 155.835 65.0753
