  2008 12 23   00 00 00
  2008 12 24   00 00 00
  2008 12 25   00 00 00
  2008 12 26   00 00 00
  2008 12 27   00 00 00
  2008 12 28   00 00 00
  2008 12 29   00 00 00
  2008 12 30   00 00 00
  2008 12 31   00 00 00
  2009 1   1   00 00 00
  2009 1   2   00 00 00
  2009 1   3   00 00 00
  2009 12 29   00 00 00
  2009 12 30   00 00 00
  2009 12 31   00 00 00 
  2010 1   1   00 00 00
  2010 1   2   00 00 00
  2012 12 29   00 00 00
  2012 12 30   00 00 00
  2012 12 31   00 00 00
  2013 1   1   00 00 00
  2013 1   2   00 00 00
