0 [232.358] -127.642 232.358 19.4026
1 [233.264] -126.736 233.264 30.7501
2 [231.801] -128.199 231.801 42.0665
3 [226.555] -133.445 226.555 52.8849
4 [214.338] -145.662 214.338 62.2341
5 [190.622] -169.378 190.622 67.8659
6 [160.967] -199.033 160.967 66.7689
7 [140.97] -219.03 140.97 59.6796
8 [131.329] -228.671 131.329 49.7298
9 [127.45] -232.55 127.45 38.6935
10 [126.795] -233.205 126.795 27.3296
11 [128.282] -231.718 128.282 16.0364
12 [131.519] -228.481 131.519 5.11186
23 [229.861] -130.139 229.861 9.0477
24 [232.476] -127.524 232.476 20.1407
