./calepochc 2012 08 29 18 45 59 0.0 0.0 0.0
./calepochc 2012 08 29 18 46 29 0.0 0.0 0.0
./calepochc 2012 08 29 18 46 59 0.0 0.0 0.0
./calepochc 2012 08 29 18 47 29 0.0 0.0 0.0
./calepochc 2012 08 29 18 47 59 0.0 0.0 0.0
./calepochc 2012 08 29 18 48 29 0.0 0.0 0.0
./calepochc 2012 08 29 18 48 59 0.0 0.0 0.0
./calepochc 2012 08 29 18 49 29 0.0 0.0 0.0
./calepochc 2012 08 29 18 49 59 0.0 0.0 0.0
./calepochc 2012 08 29 18 50 29 0.0 0.0 0.0
./calepochc 2012 08 29 18 49 59 0.0 0.0 0.0
./calepochc 2012 08 29 18 50 29 0.0 0.0 0.0
./calepochc 2012 08 29 18 50 59 0.0 0.0 0.0
./calepochc 2012 08 29 18 51 29 0.0 0.0 0.0
./calepochc 2012 08 29 18 51 59 0.0 0.0 0.0
./calepochc 2012 08 29 18 52 29 0.0 0.0 0.0
./calepochc 2012 08 29 18 52 59 0.0 0.0 0.0
./calepochc 2012 08 29 18 53 29 0.0 0.0 0.0
./calepochc 2012 08 29 18 53 59 0.0 0.0 0.0
./calepochc 2012 08 29 18 54 29 0.0 0.0 0.0
./calepochc 2012 08 29 18 54 59 0.0 0.0 0.0
./calepochc 2012 08 29 18 55 29 0.0 0.0 0.0
./calepochc 2012 08 29 18 55 59 0.0 0.0 0.0
./calepochc 2012 08 29 18 56 29 0.0 0.0 0.0
./calepochc 2012 08 29 18 55 59 0.0 0.0 0.0
./calepochc 2012 08 29 18 56 29 0.0 0.0 0.0
./calepochc 2012 08 29 18 56 59 0.0 0.0 0.0
./calepochc 2012 08 29 18 57 29 0.0 0.0 0.0
./calepochc 2012 08 29 18 57 59 0.0 0.0 0.0
./calepochc 2012 08 29 18 58 29 0.0 0.0 0.0
./calepochc 2012 08 29 18 58 59 0.0 0.0 0.0
./calepochc 2012 08 29 18 59 29 0.0 0.0 0.0
./calepochc 2012 08 29 18 59 59 0.0 0.0 0.0
./calepochc 2012 08 29 19 00 29 0.0 0.0 0.0
./calepochc 2012 08 29 19 00 59 0.0 0.0 0.0
./calepochc 2012 08 29 19 01 29 0.0 0.0 0.0
./calepochc 2012 08 29 19 01 59 0.0 0.0 0.0
./calepochc 2012 08 29 19 02 29 0.0 0.0 0.0
./calepochc 2012 08 29 19 02 59 0.0 0.0 0.0
./calepochc 2012 08 29 19 03 29 0.0 0.0 0.0
./calepochc 2012 08 29 19 03 59 0.0 0.0 0.0
./calepochc 2012 08 29 19 04 29 0.0 0.0 0.0
./calepochc 2012 08 29 19 04 59 0.0 0.0 0.0
./calepochc 2012 08 29 19 05 29 0.0 0.0 0.0
./calepochc 2012 08 29 19 05 59 0.0 0.0 0.0
./calepochc 2012 08 29 19 06 29 0.0 0.0 0.0
./calepochc 2012 08 29 19 06 59 0.0 0.0 0.0
./calepochc 2012 08 29 19 07 29 0.0 0.0 0.0
./calepochc 2012 08 29 19 07 59 0.0 0.0 0.0
./calepochc 2012 08 29 19 08 29 0.0 0.0 0.0
./calepochc 2012 08 29 19 08 59 0.0 0.0 0.0
./calepochc 2012 08 29 19 09 29 0.0 0.0 0.0
./calepochc 2012 08 29 19 09 59 0.0 0.0 0.0
./calepochc 2012 08 29 19 10 29 0.0 0.0 0.0
./calepochc 2012 08 29 19 10 59 0.0 0.0 0.0
./calepochc 2012 08 29 19 11 29 0.0 0.0 0.0
./calepochc 2012 08 29 19 11 59 0.0 0.0 0.0
./calepochc 2012 08 29 19 12 29 0.0 0.0 0.0
./calepochc 2012 08 29 19 12 59 0.0 0.0 0.0
./calepochc 2012 08 29 19 13 29 0.0 0.0 0.0
./calepochc 2012 08 29 19 13 59 0.0 0.0 0.0
./calepochc 2012 08 29 19 14 29 0.0 0.0 0.0
./calepochc 2012 08 29 19 14 59 0.0 0.0 0.0
./calepochc 2012 08 29 19 15 29 0.0 0.0 0.0
./calepochc 2012 08 29 19 15 59 0.0 0.0 0.0
./calepochc 2012 08 29 19 16 29 0.0 0.0 0.0
./calepochc 2012 08 29 19 16 59 0.0 0.0 0.0
./calepochc 2012 08 29 19 17 29 0.0 0.0 0.0
./calepochc 2012 08 29 19 16 59 0.0 0.0 0.0
./calepochc 2012 08 29 19 17 29 0.0 0.0 0.0
./calepochc 2012 08 29 19 17 59 0.0 0.0 0.0
./calepochc 2012 08 29 19 18 29 0.0 0.0 0.0
./calepochc 2012 08 29 19 18 59 0.0 0.0 0.0
./calepochc 2012 08 29 19 19 29 0.0 0.0 0.0
./calepochc 2012 08 29 19 19 59 0.0 0.0 0.0
./calepochc 2012 08 29 19 20 29 0.0 0.0 0.0
./calepochc 2012 08 29 19 20 59 0.0 0.0 0.0
./calepochc 2012 08 29 19 21 29 0.0 0.0 0.0
./calepochc 2012 08 29 19 21 59 0.0 0.0 0.0
./calepochc 2012 08 29 19 22 29 0.0 0.0 0.0
./calepochc 2012 08 29 19 22 59 0.0 0.0 0.0
./calepochc 2012 08 29 19 23 29 0.0 0.0 0.0
./calepochc 2012 08 29 19 22 59 0.0 0.0 0.0
./calepochc 2012 08 29 19 23 29 0.0 0.0 0.0
./calepochc 2012 08 29 19 23 59 0.0 0.0 0.0
./calepochc 2012 08 29 19 24 29 0.0 0.0 0.0
./calepochc 2012 08 29 19 24 59 0.0 0.0 0.0
./calepochc 2012 08 29 19 25 29 0.0 0.0 0.0
./calepochc 2012 08 29 19 25 59 0.0 0.0 0.0
./calepochc 2012 08 29 19 26 29 0.0 0.0 0.0
./calepochc 2012 08 29 19 26 59 0.0 0.0 0.0
./calepochc 2012 08 29 19 27 29 0.0 0.0 0.0
./calepochc 2012 08 29 19 27 59 0.0 0.0 0.0
./calepochc 2012 08 29 19 28 29 0.0 0.0 0.0
./calepochc 2012 08 29 19 28 59 0.0 0.0 0.0
./calepochc 2012 08 29 19 29 29 0.0 0.0 0.0
./calepochc 2012 08 29 19 29 59 0.0 0.0 0.0
./calepochc 2012 08 29 19 30 29 0.0 0.0 0.0
./calepochc 2012 08 29 19 30 59 0.0 0.0 0.0
./calepochc 2012 08 29 19 31 29 0.0 0.0 0.0
./calepochc 2012 08 29 19 31 59 0.0 0.0 0.0
./calepochc 2012 08 29 19 32 29 0.0 0.0 0.0
./calepochc 2012 08 29 19 32 59 0.0 0.0 0.0
./calepochc 2012 08 29 19 33 29 0.0 0.0 0.0
./calepochc 2012 08 29 19 33 59 0.0 0.0 0.0
./calepochc 2012 08 29 19 34 29 0.0 0.0 0.0
./calepochc 2012 08 29 19 34 59 0.0 0.0 0.0
./calepochc 2012 08 29 19 35 29 0.0 0.0 0.0
./calepochc 2012 08 29 19 35 59 0.0 0.0 0.0
./calepochc 2012 08 29 19 36 29 0.0 0.0 0.0
./calepochc 2012 08 29 19 36 59 0.0 0.0 0.0
./calepochc 2012 08 29 19 37 29 0.0 0.0 0.0
./calepochc 2012 08 29 19 37 59 0.0 0.0 0.0
./calepochc 2012 08 29 19 38 29 0.0 0.0 0.0
./calepochc 2012 08 29 19 38 59 0.0 0.0 0.0
./calepochc 2012 08 29 19 39 29 0.0 0.0 0.0
./calepochc 2012 08 29 19 39 59 0.0 0.0 0.0
./calepochc 2012 08 29 19 40 29 0.0 0.0 0.0
./calepochc 2012 08 29 19 40 59 0.0 0.0 0.0
./calepochc 2012 08 29 19 41 29 0.0 0.0 0.0
./calepochc 2012 08 29 19 41 59 0.0 0.0 0.0
./calepochc 2012 08 29 19 42 29 0.0 0.0 0.0
./calepochc 2012 08 29 19 42 59 0.0 0.0 0.0
./calepochc 2012 08 29 19 43 29 0.0 0.0 0.0
./calepochc 2012 08 29 19 43 59 0.0 0.0 0.0
./calepochc 2012 08 29 19 44 29 0.0 0.0 0.0
./calepochc 2012 08 29 19 43 59 0.0 0.0 0.0
./calepochc 2012 08 29 19 44 29 0.0 0.0 0.0
./calepochc 2012 08 29 19 44 59 0.0 0.0 0.0
./calepochc 2012 08 29 19 45 29 0.0 0.0 0.0
./calepochc 2012 08 29 19 45 59 0.0 0.0 0.0
./calepochc 2012 08 29 19 46 29 0.0 0.0 0.0
./calepochc 2012 08 29 19 46 59 0.0 0.0 0.0
./calepochc 2012 08 29 19 47 29 0.0 0.0 0.0
./calepochc 2012 08 29 19 47 59 0.0 0.0 0.0
./calepochc 2012 08 29 19 48 29 0.0 0.0 0.0
./calepochc 2012 08 29 19 48 59 0.0 0.0 0.0
./calepochc 2012 08 29 19 49 29 0.0 0.0 0.0
./calepochc 2012 08 29 19 49 59 0.0 0.0 0.0
./calepochc 2012 08 29 19 50 29 0.0 0.0 0.0
./calepochc 2012 08 29 19 49 59 0.0 0.0 0.0
./calepochc 2012 08 29 19 50 29 0.0 0.0 0.0
./calepochc 2012 08 29 19 50 59 0.0 0.0 0.0
./calepochc 2012 08 29 19 51 29 0.0 0.0 0.0
./calepochc 2012 08 29 19 51 59 0.0 0.0 0.0
./calepochc 2012 08 29 19 52 29 0.0 0.0 0.0
./calepochc 2012 08 29 19 52 59 0.0 0.0 0.0
./calepochc 2012 08 29 19 53 29 0.0 0.0 0.0
./calepochc 2012 08 29 19 53 59 0.0 0.0 0.0
./calepochc 2012 08 29 19 54 29 0.0 0.0 0.0
./calepochc 2012 08 29 19 54 59 0.0 0.0 0.0
./calepochc 2012 08 29 19 55 29 0.0 0.0 0.0
./calepochc 2012 08 29 19 55 59 0.0 0.0 0.0
./calepochc 2012 08 29 19 56 29 0.0 0.0 0.0
./calepochc 2012 08 29 19 56 59 0.0 0.0 0.0
./calepochc 2012 08 29 19 57 29 0.0 0.0 0.0
./calepochc 2012 08 29 19 57 59 0.0 0.0 0.0
./calepochc 2012 08 29 19 58 29 0.0 0.0 0.0
./calepochc 2012 08 29 19 58 59 0.0 0.0 0.0
./calepochc 2012 08 29 19 59 29 0.0 0.0 0.0
./calepochc 2012 08 29 19 59 59 0.0 0.0 0.0
./calepochc 2012 08 29 20 00 29 0.0 0.0 0.0
./calepochc 2012 08 29 20 00 59 0.0 0.0 0.0
./calepochc 2012 08 29 20 01 29 0.0 0.0 0.0
./calepochc 2012 08 29 20 01 59 0.0 0.0 0.0
./calepochc 2012 08 29 20 02 29 0.0 0.0 0.0
./calepochc 2012 08 29 20 02 59 0.0 0.0 0.0
./calepochc 2012 08 29 20 03 29 0.0 0.0 0.0
./calepochc 2012 08 29 20 03 59 0.0 0.0 0.0
./calepochc 2012 08 29 20 04 29 0.0 0.0 0.0
./calepochc 2012 08 29 20 04 59 0.0 0.0 0.0
./calepochc 2012 08 29 20 05 29 0.0 0.0 0.0
./calepochc 2012 08 29 20 05 59 0.0 0.0 0.0
./calepochc 2012 08 29 20 06 29 0.0 0.0 0.0
./calepochc 2012 08 29 20 06 59 0.0 0.0 0.0
./calepochc 2012 08 29 20 07 29 0.0 0.0 0.0
./calepochc 2012 08 29 20 07 59 0.0 0.0 0.0
./calepochc 2012 08 29 20 08 29 0.0 0.0 0.0
./calepochc 2012 08 29 20 08 59 0.0 0.0 0.0
./calepochc 2012 08 29 20 09 29 0.0 0.0 0.0
./calepochc 2012 08 29 20 09 59 0.0 0.0 0.0
./calepochc 2012 08 29 20 10 29 0.0 0.0 0.0
./calepochc 2012 08 29 20 10 59 0.0 0.0 0.0
./calepochc 2012 08 29 20 11 29 0.0 0.0 0.0
./calepochc 2012 08 29 20 10 59 0.0 0.0 0.0
./calepochc 2012 08 29 20 11 29 0.0 0.0 0.0
./calepochc 2012 08 29 20 11 59 0.0 0.0 0.0
./calepochc 2012 08 29 20 12 29 0.0 0.0 0.0
./calepochc 2012 08 29 20 12 59 0.0 0.0 0.0
./calepochc 2012 08 29 20 13 29 0.0 0.0 0.0
./calepochc 2012 08 29 20 13 59 0.0 0.0 0.0
./calepochc 2012 08 29 20 14 29 0.0 0.0 0.0
./calepochc 2012 08 29 20 14 59 0.0 0.0 0.0
./calepochc 2012 08 29 20 15 29 0.0 0.0 0.0
./calepochc 2012 08 29 20 15 59 0.0 0.0 0.0
./calepochc 2012 08 29 20 16 29 0.0 0.0 0.0
./calepochc 2012 08 29 20 16 59 0.0 0.0 0.0
./calepochc 2012 08 29 20 17 29 0.0 0.0 0.0
./calepochc 2012 08 29 20 36 59 0.0 0.0 0.0
./calepochc 2012 08 29 20 37 29 0.0 0.0 0.0
./calepochc 2012 08 29 20 37 59 0.0 0.0 0.0
./calepochc 2012 08 29 20 38 29 0.0 0.0 0.0
./calepochc 2012 08 29 20 38 59 0.0 0.0 0.0
./calepochc 2012 08 29 20 39 29 0.0 0.0 0.0
./calepochc 2012 08 29 20 39 59 0.0 0.0 0.0
./calepochc 2012 08 29 20 40 29 0.0 0.0 0.0
./calepochc 2012 08 29 20 40 59 0.0 0.0 0.0
./calepochc 2012 08 29 20 41 29 0.0 0.0 0.0
./calepochc 2012 08 29 20 41 59 0.0 0.0 0.0
./calepochc 2012 08 29 20 42 29 0.0 0.0 0.0
./calepochc 2012 08 29 20 42 59 0.0 0.0 0.0
./calepochc 2012 08 29 20 43 29 0.0 0.0 0.0
./calepochc 2012 08 29 20 42 59 0.0 0.0 0.0
./calepochc 2012 08 29 20 43 29 0.0 0.0 0.0
./calepochc 2012 08 29 20 43 59 0.0 0.0 0.0
./calepochc 2012 08 29 20 44 29 0.0 0.0 0.0
./calepochc 2012 08 29 20 44 59 0.0 0.0 0.0
./calepochc 2012 08 29 20 45 29 0.0 0.0 0.0
./calepochc 2012 08 29 20 45 59 0.0 0.0 0.0
./calepochc 2012 08 29 20 46 29 0.0 0.0 0.0
./calepochc 2012 08 29 20 46 59 0.0 0.0 0.0
./calepochc 2012 08 29 20 47 29 0.0 0.0 0.0
./calepochc 2012 08 29 20 47 59 0.0 0.0 0.0
./calepochc 2012 08 29 20 48 29 0.0 0.0 0.0
./calepochc 2012 08 29 20 48 59 0.0 0.0 0.0
./calepochc 2012 08 29 20 49 29 0.0 0.0 0.0
./calepochc 2012 08 29 20 49 59 0.0 0.0 0.0
./calepochc 2012 08 29 20 50 29 0.0 0.0 0.0
./calepochc 2012 08 29 20 50 59 0.0 0.0 0.0
./calepochc 2012 08 29 20 51 29 0.0 0.0 0.0
./calepochc 2012 08 29 20 51 59 0.0 0.0 0.0
./calepochc 2012 08 29 20 52 29 0.0 0.0 0.0
./calepochc 2012 08 29 20 52 59 0.0 0.0 0.0
./calepochc 2012 08 29 20 53 29 0.0 0.0 0.0
./calepochc 2012 08 29 20 53 59 0.0 0.0 0.0
./calepochc 2012 08 29 20 54 29 0.0 0.0 0.0
./calepochc 2012 08 29 20 54 59 0.0 0.0 0.0
./calepochc 2012 08 29 20 55 29 0.0 0.0 0.0
./calepochc 2012 08 29 20 55 59 0.0 0.0 0.0
./calepochc 2012 08 29 20 56 29 0.0 0.0 0.0
./calepochc 2012 08 29 20 56 59 0.0 0.0 0.0
./calepochc 2012 08 29 20 57 29 0.0 0.0 0.0
./calepochc 2012 08 29 20 57 59 0.0 0.0 0.0
./calepochc 2012 08 29 20 58 29 0.0 0.0 0.0
./calepochc 2012 08 29 20 58 59 0.0 0.0 0.0
./calepochc 2012 08 29 20 59 29 0.0 0.0 0.0
./calepochc 2012 08 29 20 59 59 0.0 0.0 0.0
./calepochc 2012 08 29 21 00 29 0.0 0.0 0.0
./calepochc 2012 08 29 21 00 59 0.0 0.0 0.0
./calepochc 2012 08 29 21 01 29 0.0 0.0 0.0
./calepochc 2012 08 29 21 01 59 0.0 0.0 0.0
./calepochc 2012 08 29 21 02 29 0.0 0.0 0.0
./calepochc 2012 08 29 21 02 59 0.0 0.0 0.0
./calepochc 2012 08 29 21 03 29 0.0 0.0 0.0
./calepochc 2012 08 29 21 03 59 0.0 0.0 0.0
./calepochc 2012 08 29 21 04 29 0.0 0.0 0.0
./calepochc 2012 08 29 21 04 59 0.0 0.0 0.0
./calepochc 2012 08 29 21 05 29 0.0 0.0 0.0
./calepochc 2012 08 29 21 05 59 0.0 0.0 0.0
./calepochc 2012 08 29 21 06 29 0.0 0.0 0.0
./calepochc 2012 08 29 21 06 59 0.0 0.0 0.0
./calepochc 2012 08 29 21 07 29 0.0 0.0 0.0
./calepochc 2012 08 29 21 07 59 0.0 0.0 0.0
./calepochc 2012 08 29 21 08 29 0.0 0.0 0.0
./calepochc 2012 08 29 21 08 59 0.0 0.0 0.0
./calepochc 2012 08 29 21 09 29 0.0 0.0 0.0
./calepochc 2012 08 29 21 09 59 0.0 0.0 0.0
./calepochc 2012 08 29 21 10 29 0.0 0.0 0.0
./calepochc 2012 08 29 21 10 59 0.0 0.0 0.0
./calepochc 2012 08 29 21 11 29 0.0 0.0 0.0
./calepochc 2012 08 29 21 11 59 0.0 0.0 0.0
./calepochc 2012 08 29 21 12 29 0.0 0.0 0.0
./calepochc 2012 08 29 21 12 59 0.0 0.0 0.0
./calepochc 2012 08 29 21 13 29 0.0 0.0 0.0
./calepochc 2012 08 29 21 13 59 0.0 0.0 0.0
./calepochc 2012 08 29 21 14 29 0.0 0.0 0.0
./calepochc 2012 08 29 21 14 59 0.0 0.0 0.0
./calepochc 2012 08 29 21 15 29 0.0 0.0 0.0
./calepochc 2012 08 29 21 15 59 0.0 0.0 0.0
./calepochc 2012 08 29 21 16 29 0.0 0.0 0.0
