18.6525 175.874 41.465
18.6533 176.88 41.4761
18.6542 177.882 41.4869
18.655 178.885 41.4953
18.6558 179.884 41.5061
18.6567 180.887 41.5144
18.6578 182.225 41.5256
18.6583 182.892 41.5336
18.6592 183.892 41.5419
18.66 184.894 41.5528
18.6608 185.894 41.5611
18.6617 186.897 41.5722
18.6625 187.902 41.5803
18.6633 188.904 41.5886
18.6642 189.907 41.5969
18.665 190.912 41.6078
18.6661 192.244 41.6189
18.6667 192.917 41.6269
18.6675 193.922 41.6381
18.6683 194.927 41.6436
18.6692 195.93 41.6544
18.67 196.935 41.6628
18.6708 197.941 41.6739
18.6717 198.946 41.6819
18.6725 199.951 41.6903
18.6733 200.956 41.7011
18.6744 202.297 41.7122
18.675 202.969 41.7178
18.6758 203.972 41.7286
18.6767 204.977 41.7369
18.6775 205.983 41.7453
18.6783 206.988 41.7561
18.6792 207.993 41.7644
18.68 208.993 41.7753
18.6808 209.995 41.7864
18.6817 211.003 41.7947
18.6828 212.344 41.8056
18.6833 213.011 41.8111
18.6842 214.016 41.8219
18.685 215.022 41.8303
18.6858 216.027 41.8386
18.6867 217.029 41.8494
18.6875 218.034 41.8578
18.6883 219.04 41.8689
18.6892 220.045 41.8769
18.69 221.05 41.8853
18.6911 222.393 41.8989
18.6917 223.064 41.9044
18.6925 224.069 41.9156
18.6933 225.077 41.9208
18.6942 226.079 41.9347
18.695 227.084 41.9428
18.6958 228.093 41.9483
18.6967 229.098 41.9594
18.6975 230.1 41.9703
18.6983 230.908 41.9758
18.6994 231.265 41.9922
18.7 231.289 41.9978
18.7008 231.353 42.0061
18.7017 231.353 42.0169
18.7025 231.353 42.0253
18.7033 231.353 42.0336
18.7042 231.353 42.0417
18.705 231.353 42.0528
18.7058 231.353 42.0639
18.7067 231.347 42.0719
18.7078 231.301 42.0858
18.7083 231.295 42.0911
18.7092 231.295 42.0994
18.71 231.295 42.1078
18.7108 231.295 42.1186
18.7117 231.295 42.1269
18.7125 231.295 42.1381
18.7133 231.295 42.1461
18.7142 231.292 42.1572
18.715 231.292 42.1653
18.7161 231.287 42.1792
18.7167 231.281 42.1819
18.7175 231.279 42.19
18.7183 231.27 42.2011
18.7192 231.268 42.2119
18.72 231.268 42.2203
18.7208 231.268 42.2286
18.7217 231.268 42.2394
18.7225 231.268 42.2478
18.7233 231.259 42.2589
18.7244 231.254 42.2697
18.725 231.254 42.2753
18.7258 231.251 42.2861
18.7267 231.243 42.2944
18.7275 231.243 42.3028
18.7283 231.243 42.3108
18.7292 231.24 42.3219
18.73 231.24 42.3331
18.7308 231.232 42.3411
18.7317 231.229 42.3494
18.7328 231.226 42.3631
18.7333 231.221 42.3658
18.7342 231.215 42.3769
18.735 231.215 42.3878
18.7358 231.215 42.3961
18.7367 231.215 42.4072
18.7375 231.215 42.4153
18.7383 231.212 42.4236
18.7392 231.21 42.4344
18.74 231.199 42.4456
18.7411 231.196 42.4564
18.7417 231.193 42.4592
18.7425 231.191 42.4703
18.7433 231.191 42.4786
18.7442 231.191 42.4867
18.745 231.191 42.4978
18.7458 231.188 42.5086
18.7467 231.18 42.5169
18.7475 231.174 42.5281
18.7483 231.169 42.5361
18.7494 231.166 42.5472
18.75 231.166 42.5528
18.7508 231.166 42.5636
18.7517 231.163 42.5747
18.7525 231.163 42.58
18.7533 231.163 42.5911
18.7542 231.161 42.6022
18.755 231.147 42.6075
18.7558 231.144 42.6186
18.7567 231.141 42.6294
18.7578 231.138 42.6378
18.7583 231.138 42.6461
18.7592 231.138 42.6542
18.76 231.138 42.6653
18.7608 231.136 42.6736
18.7617 231.133 42.6844
18.7625 231.125 42.6928
18.7633 231.122 42.7008
18.7642 231.116 42.7119
18.765 231.114 42.7203
18.7661 231.111 42.7311
18.7667 231.111 42.7367
18.7675 231.111 42.7478
18.7683 231.111 42.7558
18.7692 231.111 42.7669
18.77 231.111 42.775
18.7708 231.111 42.7861
18.7717 231.064 42.7944
18.7725 231.062 42.8053
18.7733 231.062 42.8108
18.7744 231.062 42.8244
18.775 231.062 42.83
18.7758 231.062 42.8411
18.7767 231.062 42.8492
18.7775 231.062 42.8575
18.7783 231.064 42.8686
18.7792 231.064 42.8767
18.78 231.064 42.8878
18.7808 231.064 42.8933
18.7817 231.064 42.9042
18.7828 231.064 42.9181
18.7833 231.064 42.9233
18.7842 231.064 42.9344
18.785 231.064 42.9428
18.7858 231.064 42.9536
18.7867 231.056 42.9619
18.7875 231.042 42.97
18.7883 231.04 42.9783
18.7892 231.031 42.9894
18.79 231.031 42.9975
18.7911 231.029 43.0114
18.7917 231.023 43.0142
18.7925 231.02 43.025
18.7933 231.018 43.0361
18.7942 231.018 43.0442
18.795 231.007 43.0553
18.7958 231.004 43.0608
18.7967 231.004 43.0717
18.7975 231.004 43.08
18.7983 230.993 43.0883
18.7994 230.99 43.1047
18.8 230.99 43.1075
18.8008 230.99 43.1158
18.8017 230.99 43.1267
18.8025 230.987 43.1378
18.8033 230.979 43.1431
18.8042 230.976 43.1542
18.805 230.976 43.1653
18.8058 230.968 43.1733
18.8067 230.968 43.1817
18.8078 230.966 43.1953
18.8083 230.963 43.2008
18.8092 230.963 43.2092
18.81 230.957 43.2172
18.8108 230.957 43.2283
18.8117 230.954 43.2367
18.8125 230.954 43.2447
18.8133 230.933 43.2558
18.8142 230.93 43.2639
18.815 230.927 43.275
18.8161 230.927 43.2886
18.8167 230.927 43.2914
18.8175 230.927 43.3025
18.8183 230.927 43.3133
18.8192 230.927 43.3189
18.82 230.927 43.33
18.8208 230.924 43.3408
18.8217 230.913 43.3492
18.8225 230.911 43.3575
18.8233 230.911 43.3656
18.8244 230.902 43.3794
18.825 230.902 43.385
18.8272 230.899 43.4097
18.8281 230.897 43.415
18.8289 230.897 43.4261
18.8297 230.877 43.4369
18.8306 230.875 43.4425
18.8314 230.875 43.4536
18.8322 230.875 43.4617
18.8333 230.875 43.4756
18.8339 230.875 43.4811
18.8347 230.872 43.4919
18.8375 230.853 43.5222
18.8381 230.85 43.5278
18.8389 230.85 43.5358
18.8397 230.85 43.5442
18.8406 230.845 43.5578
18.8417 230.836 43.5689
18.8422 230.834 43.5744
18.8431 230.831 43.5853
18.8439 230.828 43.5936
18.8447 230.825 43.6019
18.8456 230.822 43.6128
18.8464 230.822 43.6211
18.8472 230.82 43.6294
18.8481 230.817 43.6403
18.8489 230.812 43.6486
18.85 230.812 43.6622
18.8506 230.803 43.6678
18.8514 230.798 43.6761
18.8522 230.798 43.6842
18.8531 230.795 43.6953
18.8539 230.795 43.7036
18.8547 230.795 43.7117
18.8556 230.795 43.7228
18.8564 230.795 43.7336
18.8572 230.795 43.7392
18.8583 230.743 43.7528
18.8589 230.743 43.7583
18.8597 230.743 43.7694
18.8606 230.743 43.7775
18.8614 230.743 43.7886
18.8622 230.743 43.7942
18.8631 230.746 43.805
18.8639 230.746 43.8161
18.8647 230.746 43.8244
18.8656 230.746 43.8325
18.8667 230.746 43.8464
18.8672 230.746 43.8517
18.8681 230.746 43.86
18.8689 230.746 43.8711
18.8697 230.746 43.8792
18.8706 230.746 43.8875
18.8714 230.743 43.8958
18.8722 230.743 43.9094
18.8731 230.718 43.9178
18.8739 230.718 43.9258
18.875 230.716 43.9397
18.8756 230.707 43.9453
18.8764 230.704 43.9533
18.8772 230.704 43.9617
18.8781 230.702 43.9728
18.8789 230.691 43.9781
18.8797 230.691 43.9892
18.8806 230.688 43.9972
18.8814 230.688 44.0083
18.8822 230.677 44.0167
18.8833 230.674 44.0275
18.8839 230.674 44.0358
18.8847 230.674 44.0442
18.8856 230.666 44.055
18.8864 230.663 44.0633
18.8872 230.663 44.0714
18.8881 230.661 44.0825
18.8889 230.652 44.0908
18.8897 230.652 44.0989
18.8906 230.652 44.11
18.8917 230.652 44.1236
18.8922 230.649 44.1264
18.8931 230.625 44.1375
18.8939 230.625 44.1456
18.8947 230.625 44.1539
18.8972 230.625 44.1842
18.8981 230.625 44.1897
18.8989 230.622 44.2006
18.9 230.614 44.2117
18.9006 230.611 44.2197
18.9014 230.611 44.2281
18.9022 230.6 44.2364
18.9031 230.6 44.2444
18.9039 230.597 44.2556
18.9047 230.589 44.2639
18.9056 230.586 44.2747
18.9064 230.586 44.2831
18.9072 230.586 44.2939
18.9083 230.586 44.305
18.9089 230.584 44.3106
18.9097 230.57 44.3186
18.9106 230.564 44.3297
18.9114 230.564 44.3381
18.9122 230.562 44.3489
18.9131 230.562 44.3572
18.9139 230.556 44.3653
18.9147 230.553 44.3764
18.9156 230.551 44.3847
18.9167 230.548 44.3956
18.9172 230.542 44.4011
18.9181 230.534 44.4122
18.9189 230.534 44.4203
18.9197 230.531 44.4286
18.9206 230.526 44.4394
18.9214 230.523 44.4506
18.9222 230.523 44.4589
18.9231 230.518 44.4669
18.9239 230.512 44.4753
18.925 230.509 44.4864
18.9272 230.504 44.5108
18.9281 230.501 44.5192
18.9289 230.499 44.5275
18.9297 230.496 44.5383
18.9306 230.485 44.5467
18.9314 230.479 44.555
18.9322 230.479 44.5658
18.9333 230.479 44.5714
18.9339 230.471 44.3764
18.9347 230.468 44.0303
18.9356 230.466 43.7667
18.9364 230.46 43.5083
18.9372 230.457 43.2531
18.9381 230.457 42.9975
18.9389 230.454 42.7422
18.9397 230.452 42.4894
18.9406 230.446 42.2342
18.9417 230.444 41.9072
18.9422 230.444 41.7369
18.9431 230.43 41.4842
18.9439 230.424 41.2317
18.9447 230.424 40.9789
18.9456 230.424 40.7233
18.9464 230.424 40.4708
18.9472 230.424 40.2181
18.9481 230.411 39.9625
18.9489 230.405 39.71
18.95 230.405 39.4078
18.9506 230.403 39.4269
18.9514 230.4 39.5808
18.9522 230.4 39.6275
18.9531 230.391 39.6661
18.9539 230.391 39.7017
18.9547 230.389 39.7375
18.9556 230.378 39.7703
18.9564 230.375 39.8033
18.9572 230.372 39.8364
18.9583 230.372 39.8803
18.9589 230.372 39.9022
18.9597 230.361 39.9353
18.9606 230.358 39.9681
18.9614 230.353 40.0011
18.9622 230.353 40.0342
18.9631 230.35 40.0669
18.9639 230.35 40.1
18.9647 230.347 40.1331
18.9656 230.345 40.1658
18.9667 230.336 40.2069
18.9672 230.334 40.2317
18.9681 230.314 40.2647
18.9689 230.314 40.2978
18.9697 230.314 40.3333
18.9706 230.312 40.3692
18.9714 230.312 40.4019
18.9722 230.312 40.4378
18.9731 230.312 40.4708
18.9739 230.312 40.5064
18.975 230.306 40.5503
18.9756 230.298 40.5725
18.9764 230.295 40.6053
18.9772 230.29 40.6411
18.9781 230.287 40.6767
18.9789 230.287 40.7097
18.9797 230.282 40.7428
18.9806 230.268 40.7783
18.9814 230.268 40.8114
18.9822 230.265 40.8469
18.9833 230.262 40.8911
18.9839 230.262 40.9131
18.9847 230.259 40.9486
18.9856 230.257 40.9817
18.9864 230.249 41.0172
18.9872 230.246 41.0503
18.9881 230.243 41.0833
18.9889 230.237 41.1189
18.9897 230.235 41.1547
18.9906 230.235 41.1875
18.9917 230.221 41.2317
18.9922 230.218 41.2564
18.9931 230.213 41.2892
18.9939 230.213 41.325
18.9947 230.21 41.3578
18.9956 230.21 41.3908
18.9964 230.21 41.4267
18.9972 230.207 41.4622
18.9981 230.196 41.4953
18.9989 230.196 41.5308
19 230.196 41.5722
19.0006 230.196 41.5969
19.0014 230.196 41.6297
19.0022 230.194 41.6656
19.0031 230.141 41.6983
19.0039 230.141 41.7342
19.0047 230.141 41.7672
19.0056 230.141 41.8028
19.0064 230.141 41.8358
19.0072 230.141 41.8689
19.0083 230.141 41.9156
19.0089 230.141 41.9375
19.0097 230.141 41.9731
19.0106 230.141 42.0061
19.0114 230.141 42.0417
19.0122 230.141 42.0747
19.0131 230.141 42.1106
19.0139 230.141 42.1433
19.0147 230.141 42.1792
19.0156 230.141 42.2119
19.0167 230.128 42.2561
19.0172 230.119 42.2781
19.0181 230.114 42.3136
19.0189 230.103 42.3467
19.0197 230.103 42.3797
19.0206 230.1 42.4153
19.0214 230.092 42.4511
19.0222 230.089 42.4839
19.0231 230.087 42.5169
19.0239 230.081 42.5528
19.025 230.076 42.5967
19.0256 230.076 42.6186
19.0264 230.07 42.6542
19.0272 230.064 42.6872
19.0281 230.064 42.7231
19.0289 230.062 42.7558
19.0297 230.051 42.7917
19.0306 230.051 42.8244
19.0314 230.048 42.8603
19.0322 230.042 42.8933
19.0333 230.04 42.9372
19.0339 230.037 42.9592
19.0347 230.034 42.9947
19.0356 230.026 43.0278
19.0364 230.023 43.0636
19.0372 230.021 43.0964
19.0381 230.015 43.1294
19.0389 230.012 43.1653
19.0397 230.01 43.2008
19.0406 230.007 43.2339
19.0417 229.999 43.2778
19.0422 229.996 43.3025
19.0431 229.996 43.3356
19.0439 229.988 43.3683
19.0447 229.988 43.4042
19.0456 229.985 43.4397
19.0464 229.982 43.4728
19.0472 229.974 43.5083
19.0481 229.974 43.5414
19.0489 229.971 43.5744
19.05 229.96 43.6183
19.0506 229.955 43.6403
19.0514 229.949 43.6761
19.0522 229.949 43.7117
19.0531 229.946 43.7447
19.0539 229.946 43.7775
19.0547 229.944 43.8133
19.0556 229.936 43.8464
19.0564 229.927 43.8819
19.0572 229.924 43.915
19.0583 229.922 43.9589
19.0589 229.922 43.9836
19.0614 229.908 44.0853
19.0622 229.903 44.1208
19.0631 229.894 44.1539
19.0639 229.894 44.1897
19.0647 229.894 44.2225
19.0656 229.894 44.2583
19.0667 229.894 44.3022
19.0672 229.891 44.3242
19.0681 229.889 44.3572
19.0689 229.853 44.3928
19.0697 229.837 44.4258
19.0706 229.837 44.4617
19.0714 229.837 44.4944
19.0722 229.837 44.5303
19.0731 229.837 44.5631
19.0739 229.837 44.5989
19.075 229.839 44.6428
19.0756 229.839 44.6647
19.0764 229.839 44.7006
19.0772 229.839 44.7333
19.0781 229.837 44.7664
19.0789 229.837 44.8022
19.0797 229.837 44.835
19.0806 229.837 44.8708
19.0814 229.828 44.9064
19.0822 229.812 44.9394
19.0833 229.809 44.9806
19.0839 229.809 45.0053
19.0847 229.795 45.0383
19.0856 229.795 45.0739
19.0881 229.782 45.1756
19.0889 229.773 45.2114
19.0897 229.773 45.2444
19.0906 229.771 45.28
19.0917 229.76 45.3239
19.0922 229.76 45.3458
19.0931 229.757 45.3817
19.0939 229.757 45.4147
19.0947 229.743 45.4503
19.0956 229.743 45.4833
19.0964 229.743 45.5189
19.0972 229.735 45.5519
19.0981 229.735 45.5875
19.0989 229.735 45.6206
19.1 229.735 45.6644
19.1006 229.735 45.6864
19.1014 229.735 45.7222
19.1022 229.68 45.7553
19.1031 229.677 45.7881
19.1039 229.677 45.8239
19.1047 229.677 45.8567
19.1056 229.677 45.8925
19.1064 229.677 45.9283
19.1072 229.68 45.9611
19.1083 229.68 46.005
19.1089 229.68 46.0269
19.1097 229.68 46.06
19.1106 229.68 46.0958
19.1114 229.68 46.1314
19.1122 229.68 46.1644
19.1131 229.677 46.1975
19.1139 229.666 46.2331
19.1147 229.655 46.2661
19.1156 229.653 46.3017
19.1167 229.642 46.3456
19.1172 229.639 46.3678
19.1181 229.639 46.4006
19.1189 229.625 46.4364
19.1197 229.625 46.4692
19.1206 229.625 46.505
19.1214 229.617 46.5381
19.1222 229.614 46.5736
19.1231 229.606 46.6067
19.1239 229.603 46.6422
19.125 229.6 46.6864
19.1256 229.6 46.7083
19.1264 229.589 46.7439
19.1272 229.589 46.7769
19.1281 229.587 46.8125
19.1289 229.581 46.8456
19.1297 229.576 46.8814
19.1306 229.562 46.9142
19.1314 229.562 46.9472
19.1322 229.562 46.9828
19.1333 229.559 47.0269
19.1339 229.559 47.0489
19.1347 229.548 47.0817
19.1356 229.546 47.1175
19.1364 229.546 47.1506
19.1372 229.537 47.1861
19.1381 229.534 47.2192
19.1389 229.532 47.2547
19.1397 229.526 47.2878
19.1406 229.524 47.3233
19.1417 229.512 47.3675
19.1422 229.507 47.3894
19.1431 229.504 47.425
19.1439 229.501 47.4581
19.1447 229.499 47.4911
19.1456 229.499 47.5267
19.1483 229.474 47.6394
19.1489 229.474 47.6642
19.15 229.474 47.7053
19.1506 229.471 47.73
19.1514 229.469 47.7631
19.1522 229.457 47.7986
19.1531 229.455 47.8317
19.1539 229.449 47.8672
19.1547 229.447 47.9003
19.1556 229.447 47.9333
19.1564 229.447 47.9689
19.1572 229.433 48.0019
19.1583 229.427 48.0458
19.1589 229.422 48.0706
19.1597 229.422 48.1036
19.1606 229.422 48.1392
19.1614 229.408 48.1722
19.1622 229.405 48.2078
19.1631 229.403 48.2408
19.1639 229.397 48.2767
19.1647 229.397 48.3094
19.1656 229.394 48.3453
19.1667 229.392 48.3864
19.1672 229.381 48.4111
19.1681 229.375 48.4442
19.1689 229.37 48.4769
19.1697 229.367 48.5128
19.1706 229.367 48.5458
19.1714 229.367 48.5814
19.1722 229.356 48.6144
19.1753 229.342 48.7408
19.1758 229.342 48.7628
19.1764 229.339 48.7847
19.1772 229.329 48.8203
19.1781 229.323 48.8533
19.1789 229.317 48.8864
19.1797 229.317 48.9219
19.1806 229.315 48.955
19.1814 229.315 48.9906
19.1822 229.301 49.0236
19.1833 229.298 49.0675
19.1839 229.293 49.0894
19.1847 229.29 49.1253
19.1856 229.29 49.1581
19.1864 229.284 49.1911
19.1872 229.276 49.2269
19.1881 229.274 49.2597
19.1889 229.274 49.2956
19.1897 229.274 49.3286
19.1906 229.274 49.3642
19.1917 229.224 49.4081
19.1922 229.216 49.43
19.1931 229.216 49.4658
19.1939 229.216 49.4989
19.1947 229.216 49.5344
19.1956 229.216 49.5675
19.1964 229.216 49.6003
19.1972 229.219 49.6361
19.1981 229.219 49.6692
19.1989 229.219 49.7047
19.2 229.219 49.7486
19.2006 229.219 49.7706
19.2014 229.219 49.8036
19.2022 229.219 49.8394
19.2031 229.21 49.8722
19.2039 229.194 49.9081
19.2047 229.191 49.9408
19.2056 229.183 49.9739
19.2064 229.177 50.0097
19.2072 229.169 50.0425
19.2083 229.164 50.0867
19.2089 229.164 50.1114
19.2097 229.153 50.1442
19.2106 229.15 50.1772
19.2114 229.15 50.2128
19.2122 229.144 50.2458
19.2131 229.139 50.2817
19.2139 229.133 50.3144
19.2147 229.128 50.3503
19.2156 229.125 50.3831
19.2167 229.12 50.4272
19.2172 229.117 50.4492
19.2181 229.114 50.4847
19.2189 229.103 50.5178
19.2197 229.101 50.5508
19.2206 229.098 50.5864
19.2214 229.089 50.6194
19.2222 229.089 50.655
19.2231 229.087 50.6881
19.2239 229.079 50.7236
19.225 229.076 50.7678
19.2256 229.073 50.7897
19.2264 229.065 50.8225
19.2272 229.065 50.8583
19.2281 229.062 50.8914
19.2289 229.054 50.9269
19.2297 229.051 50.96
19.2306 229.043 50.9928
19.2314 229.037 51.0286
19.2322 229.029 51.0617
19.2333 229.029 51.1056
19.2339 229.026 51.1275
19.2347 229.026 51.1631
19.2356 229.021 51.1961
19.2364 229.002 51.2319
19.2372 229.002 51.2647
19.2381 229.002 51.2978
19.2389 228.999 51.3336
19.2397 228.996 51.3664
19.2406 228.985 51.4022
19.2417 228.98 51.4461
19.2422 228.977 51.4681
19.2431 228.974 51.5039
19.2439 228.974 51.5367
19.2447 228.963 51.5725
19.2456 228.961 51.6053
19.2464 228.949 51.6383
19.2472 228.947 51.6742
19.2481 228.947 51.7069
19.2489 228.944 51.7428
19.25 228.933 51.7839
19.2506 228.93 51.8086
19.2514 228.925 51.8417
19.2522 228.922 51.8744
19.2531 228.922 51.9103
19.2539 228.911 51.9433
19.2547 228.906 51.9789
19.2556 228.9 52.0119
19.2564 228.897 52.0475
19.2572 228.897 52.0806
19.2583 228.889 52.1244
19.2589 228.884 52.1464
19.2597 228.875 52.1822
19.2606 228.873 52.215
19.2614 228.87 52.2508
19.2622 228.87 52.2839
19.2631 228.867 52.3194
19.2639 228.853 52.3525
19.2647 228.845 52.3856
19.2656 228.842 52.4211
19.2667 228.842 52.465
19.2672 228.842 52.4869
19.2681 228.831 52.52
19.2689 228.826 52.5558
19.2697 228.82 52.5886
19.2706 228.82 52.6244
19.2714 228.817 52.6572
19.2722 228.815 52.6903
19.2731 228.815 52.7261
19.2739 228.815 52.7589
19.275 228.76 52.8028
19.2769 228.752 52.8386
19.2778 228.746 52.3661
19.2786 228.743 51.4708
19.2794 228.743 50.8144
19.2803 228.743 50.2486
19.2811 228.743 49.6856
19.2819 228.743 49.1253
19.2831 228.743 48.4028
19.2836 228.743 48.1144
19.2844 228.743 48.1283
19.2853 228.743 48.4522
19.2861 228.743 48.5072
19.2869 228.724 48.5156
19.2878 228.721 48.5183
19.2886 228.719 48.5236
19.2894 228.708 48.5264
19.2903 228.705 48.5292
19.2914 228.705 48.5319
19.2919 228.691 48.5375
19.2928 228.691 48.5375
19.2936 228.675 48.5403
19.2944 228.669 48.5431
19.2953 228.669 48.5458
19.2961 228.669 48.5483
19.2969 228.669 48.5511
19.2978 228.669 48.5511
19.2986 228.656 48.5567
19.2997 228.653 48.5567
19.3003 228.653 48.5622
19.3011 228.639 48.5731
19.3019 228.634 48.5842
19.3028 228.628 48.5925
19.3036 228.628 48.6006
19.3044 228.617 48.6089
19.3053 228.617 48.6172
19.3061 228.614 48.6281
19.3069 228.609 48.6364
19.3081 228.606 48.6472
19.3086 228.601 48.6528
19.3094 228.59 48.6639
19.3103 228.581 48.6719
19.3111 228.579 48.6803
19.3119 228.579 48.6914
19.3128 228.576 48.6994
19.3136 228.565 48.7078
19.3144 228.557 48.7161
19.3153 228.557 48.7269
19.3164 228.551 48.7353
19.3169 228.551 48.7433
19.3178 228.54 48.7517
19.3186 228.529 48.76
19.3194 228.529 48.7708
19.3203 228.526 48.7792
19.3211 228.524 48.7875
19.3219 228.516 48.7956
19.3228 228.51 48.8067
19.3236 228.507 48.815
19.3247 228.507 48.8258
19.3253 228.496 48.8314
19.3261 228.485 48.8394
19.3269 228.483 48.8506
19.3278 228.48 48.8589
19.3286 228.474 48.8669
19.3294 228.474 48.8753
19.3303 228.472 48.8864
19.3311 228.461 48.8944
19.3319 228.455 48.9028
19.3331 228.449 48.9136
19.3336 228.447 48.9219
19.3344 228.447 48.9303
19.3353 228.427 48.9383
19.3361 228.425 48.9467
19.3369 228.422 48.9578
19.3378 228.422 48.9631
19.3386 228.419 48.9742
19.3394 228.408 48.9825
19.3403 228.406 48.9906
19.3414 228.4 49.0044
19.3419 228.395 49.01
19.3428 228.395 49.0181
19.3436 228.392 49.0264
19.3444 228.367 49.0372
19.3453 228.367 49.0456
19.3461 228.367 49.0539
19.3469 228.367 49.0619
19.3478 228.367 49.0731
19.3486 228.359 49.0814
19.3497 228.356 49.0922
19.3503 228.353 49.0978
19.3511 228.353 49.1061
19.3519 228.353 49.1169
19.3528 228.299 49.1253
19.3536 228.299 49.1333
19.3544 228.299 49.1417
19.3553 228.299 49.1528
19.3561 228.296 49.1608
19.3569 228.296 49.1692
19.3581 228.296 49.1828
19.3586 228.296 49.1883
19.3594 228.296 49.1967
19.3603 228.296 49.205
19.3611 228.296 49.2131
19.3619 228.279 49.2214
19.3628 228.271 49.2322
19.3636 228.26 49.2406
19.3644 228.257 49.2489
19.3653 228.249 49.2597
19.3664 228.246 49.2708
19.3669 228.246 49.2764
19.3678 228.235 49.2844
19.3686 228.233 49.2928
19.3694 228.224 49.3011
19.3703 228.219 49.3119
19.3711 228.219 49.3203
19.3719 228.208 49.3286
19.3728 228.205 49.3367
19.3736 228.205 49.3478
19.3747 228.194 49.3558
19.3753 228.183 49.3642
19.3772 228.169 49.3778
19.3781 228.169 49.3917
19.3789 228.169 49.4
19.3797 228.167 49.4081
19.3806 228.153 49.4192
19.3814 228.15 49.4272
19.3822 228.145 49.4356
19.3833 228.142 49.4467
19.3839 228.139 49.29
19.3847 228.134 48.9331
19.3856 228.128 48.6639
19.3864 228.117 48.4028
19.3872 228.109 48.1475
19.3881 228.106 47.8919
19.3889 228.106 47.6367
19.3897 228.098 47.3811
19.3906 228.09 47.1283
19.3917 228.084 46.7989
19.3922 228.081 46.6314
19.3931 228.081 46.3758
19.3939 228.076 46.1233
19.3947 228.062 45.8706
19.3956 228.057 45.615
19.3964 228.054 45.3625
19.3972 228.054 45.1069
19.3981 228.051 44.8542
19.3989 228.046 44.6017
19.4 228.037 44.2858
19.4006 228.013 44.2719
19.4014 228.01 44.4369
19.4022 228.01 44.4864
19.4033 228.01 44.5356
19.4039 228.01 44.5603
19.4047 227.999 44.5961
19.4056 227.996 44.6292
19.4064 227.988 44.6619
19.4072 227.985 44.695
19.4083 227.974 44.7361
19.4089 227.974 44.7608
19.41 227.972 44.8022
19.4106 227.961 44.8242
19.4114 227.958 44.8569
19.4122 227.958 44.89
19.4131 227.95 44.9231
19.4139 227.947 44.9558
19.4147 227.936 44.9889
19.4156 227.931 45.0219
19.4167 227.922 45.0603
19.4172 227.922 45.085
19.4181 227.922 45.1181
19.4189 227.917 45.1536
19.4197 227.897 45.1867
19.4206 227.897 45.2222
19.4214 227.895 45.2553
19.4222 227.895 45.2883
19.4231 227.87 45.3211
19.4239 227.87 45.3569
19.425 227.87 45.4008
19.4256 227.87 45.4228
19.4264 227.87 45.4586
19.4272 227.854 45.4914
19.4281 227.845 45.5244
19.4289 227.843 45.5603
19.4297 227.843 45.5931
19.4306 227.832 45.6261
19.4314 227.826 45.6617
19.4322 227.818 45.6947
19.4333 227.818 45.7386
19.4339 227.818 45.7606
19.4347 227.799 45.7936
19.4356 227.793 45.8294
19.4364 227.79 45.8622
19.4372 227.79 45.8953
19.4381 227.79 45.9308
19.4389 227.777 45.9667
19.4397 227.771 45.9997
19.4406 227.766 46.0325
19.4417 227.766 46.0764
19.4422 227.76 46.0986
19.4431 227.744 46.1342
19.4439 227.736 46.1672
19.4447 227.733 46.2
19.4456 227.733 46.2358
19.4464 227.733 46.2689
19.4472 227.722 46.3044
19.4481 227.719 46.3375
19.4489 227.714 46.3703
19.45 227.711 46.4144
19.4506 227.708 46.4364
19.4514 227.681 46.4692
19.4522 227.675 46.505
19.4531 227.675 46.5381
19.4539 227.675 46.5736
19.4547 227.672 46.6067
19.4556 227.669 46.6394
19.4564 227.664 46.6753
19.4572 227.659 46.7083
19.4583 227.647 46.7522
19.4589 227.642 46.7742
19.4597 227.634 46.8097
19.4606 227.631 46.8428
19.4614 227.631 46.8786
19.4622 227.62 46.9114
19.4631 227.612 46.9444
19.4639 227.606 46.9803
19.4647 227.606 47.0131
19.4656 227.604 47.0461
19.4667 227.587 47.09
19.4672 227.587 47.1119
19.4681 227.587 47.145
19.4689 227.587 47.1806
19.4697 227.576 47.2136
19.4706 227.538 47.2494
19.4714 227.538 47.2822
19.4722 227.538 47.3153
19.4731 227.538 47.3508
19.4739 227.538 47.3839
19.475 227.538 47.4278
19.4756 227.538 47.4525
19.4767 227.538 47.4964
19.4772 227.521 47.5186
19.4781 227.513 47.5514
19.4789 227.513 47.5872
19.4797 227.502 47.62
19.4806 227.499 47.6558
19.4814 227.491 47.6889
19.4822 227.483 47.7217
19.4833 227.472 47.7656
19.4839 227.472 47.7878
19.4847 227.464 47.8206
19.4856 227.461 47.8564
19.4864 227.458 47.8892
19.4872 227.455 47.925
19.4881 227.45 47.9581
19.4889 227.444 47.9908
19.4897 227.436 48.0267
19.4906 227.422 48.0594
19.4917 227.42 48.1036
19.4922 227.417 48.1256
19.4931 227.409 48.1583
19.4939 227.4 48.1942
19.4947 227.397 48.2272
19.4956 227.395 48.2628
19.4964 227.387 48.2958
19.4972 227.373 48.3286
19.4981 227.37 48.3644
19.4992 227.37 48.4083
19.5003 227.356 48.4522
19.5008 227.356 48.4742
19.5019 227.346 48.5183
19.5025 227.346 48.5431
19.5033 227.34 48.5758
19.5042 227.332 48.6089
19.505 227.318 48.6444
19.5058 227.318 48.6775
19.5067 227.315 48.7133
19.5078 227.304 48.7572
19.5086 227.296 48.7903
19.5092 227.293 48.8122
19.51 227.293 48.845
19.5108 227.288 48.8781
19.5117 227.274 48.9136
19.5125 227.269 48.9467
19.5133 227.266 48.9825
19.5142 227.263 49.0153
19.5153 227.252 49.0594
19.5161 227.247 49.0922
19.5167 227.241 49.1142
19.5175 227.238 49.15
19.5183 227.236 49.1828
19.5192 227.225 49.2186
19.52 227.214 49.2517
19.5208 227.211 49.2844
19.5219 227.208 49.3311
19.5225 227.2 49.3531
19.5233 227.197 49.3861
19.5247 227.186 49.4411
19.5253 227.186 49.4631
19.5258 227.183 49.485
19.5267 227.17 49.5208
19.5275 227.161 49.5536
19.5286 227.159 49.6003
19.5292 227.159 49.6222
19.53 227.145 49.6553
19.5311 227.137 49.6992
19.5317 227.134 49.7239
19.5328 227.134 49.7681
19.5333 227.131 49.79
19.5342 227.106 49.8228
19.5353 227.106 49.8694
19.5358 227.106 49.8914
19.5367 227.104 49.9244
19.5378 227.093 49.9711
19.5383 227.082 49.9931
19.5392 227.082 50.0261
19.54 227.082 50.0619
19.5411 227.068 50.1058
19.5419 227.054 50.1358
19.5425 227.054 50.1606
19.5433 227.054 50.1936
19.5444 227.043 50.2375
19.545 227.041 50.2622
19.5458 227.03 50.2953
19.5467 227.03 50.3283
19.5475 227.019 50.3639
19.5483 227.013 50.3969
19.5494 227.005 50.4408
19.55 227.002 50.4628
19.5511 226.997 50.5094
19.5517 226.991 50.5314
19.5525 226.986 50.5644
19.5533 226.98 50.6003
19.5542 226.977 50.6331
19.5553 226.947 50.6769
19.5558 226.939 50.6989
19.5567 226.936 50.7347
19.5581 226.936 50.7897
19.5586 226.936 50.8117
19.5592 226.936 50.8336
19.56 226.936 50.8667
19.5608 226.936 50.9022
19.5619 226.925 50.9461
19.5625 226.922 50.9681
19.5633 226.911 51.0039
19.5644 226.895 51.0478
19.565 226.892 51.0697
19.5661 226.884 51.1164
19.5667 226.881 51.1383
19.5675 226.873 51.1714
19.5686 226.87 51.2153
19.5692 226.868 51.24
19.57 226.854 51.2731
19.5711 226.846 51.3169
19.5717 226.843 51.3417
19.5725 226.834 51.3747
19.5756 226.815 51.4956
19.5761 226.815 51.5175
19.5767 226.815 51.5422
19.5778 226.777 51.5861
19.5783 226.777 51.6081
19.5792 226.777 51.6411
19.58 226.777 51.6767
19.5808 226.777 51.7097
19.5819 226.766 51.7536
19.5828 226.763 51.7867
19.5833 226.763 51.8086
19.5844 226.747 51.8553
19.585 226.747 51.8772
19.5858 226.738 51.9103
19.5867 226.738 51.9433
19.5875 226.725 51.9789
19.5886 226.714 52.0228
19.5892 226.714 52.0447
19.59 226.708 52.0806
19.5914 226.689 52.1356
19.5919 226.686 52.1575
19.5925 226.686 52.1794
19.5933 226.675 52.215
19.5942 226.672 52.2481
19.5953 226.67 52.2919
19.5958 226.659 52.3139
19.5967 226.656 52.3497
19.5978 226.645 52.3936
19.5983 226.642 52.4156
19.5994 226.626 52.4622
19.6 226.623 52.4817
19.6008 226.62 52.5144
19.6019 226.618 52.5611
19.6025 226.612 52.5831
19.6033 226.609 52.6161
19.6044 226.59 52.6628
19.605 226.582 52.6847
19.6058 226.582 52.7178
19.6089 226.56 52.8414
19.6094 226.557 52.8633
19.61 226.554 52.8853
19.6111 226.546 52.9319
19.6117 226.538 52.9539
19.6125 226.53 52.9869
19.6133 226.53 53.0225
19.6142 226.524 53.0556
19.6153 226.519 53.0994
19.6161 226.491 53.1325
19.6167 226.491 53.1544
19.6178 226.489 53.1983
19.6183 226.489 53.2231
19.6192 226.489 53.2561
19.62 226.48 53.2892
19.6208 226.475 53.3219
19.6219 226.461 53.3686
19.6225 226.453 53.3906
19.6233 226.45 53.4236
19.6247 226.442 53.4814
19.6253 226.431 53.5033
19.6258 226.425 53.5253
19.6267 226.422 53.5583
19.6275 226.422 53.5911
19.6286 226.406 53.6378
19.6292 226.403 53.6597
19.63 226.398 53.6928
19.6311 226.395 53.7394
19.6317 226.384 53.7614
19.6328 226.37 53.8053
19.6333 226.37 53.8275
19.6342 226.368 53.8603
19.6353 226.354 53.9042
19.6358 226.348 53.9289
19.6367 226.346 53.9619
19.6378 226.343 54.0058
19.6383 226.329 54.0278
19.6392 226.321 54.0636
19.6403 226.318 54.1075
19.6411 226.316 54.1406
19.6419 226.304 54.1733
19.6425 226.302 54.1956
19.6433 226.294 54.2311
19.6444 226.285 54.275
19.645 226.28 54.2969
19.6458 226.269 54.3328
19.6469 226.266 54.3767
19.6475 226.263 54.3986
19.6486 226.252 54.4453
19.6494 226.241 54.4783
19.65 226.241 54.4975
19.6511 226.239 54.5442
19.6517 226.225 54.5661
19.6525 226.214 54.5992
19.6536 226.214 54.6458
19.6542 226.211 54.6678
19.6553 226.211 54.7117
19.6558 226.211 54.7336
19.6567 226.211 54.7694
19.6581 226.145 54.8244
19.6586 226.145 54.8464
19.6592 226.145 54.8683
19.6603 226.145 54.9122
19.6608 226.145 54.9369
19.6619 226.142 54.9808
19.6625 226.142 55.0028
19.6633 226.142 55.0358
19.6644 226.142 55.0825
19.665 226.14 55.1044
19.6661 226.121 55.1486
19.6669 226.104 55.1814
19.6675 226.101 55.2033
19.6686 226.093 55.25
19.6692 226.09 55.2719
19.67 226.079 55.305
19.6711 226.074 55.3489
19.6717 226.066 55.3708
19.6725 226.063 55.4067
19.6736 226.057 55.4506
19.6744 226.057 55.4836
19.6753 226.057 55.5164
19.6758 226.052 55.5411
19.6767 225.994 55.5742
19.6778 225.994 55.6181
19.6783 225.994 55.64
19.6792 225.994 55.6758
19.6803 225.994 55.7197
19.6808 225.994 55.7417
19.6819 225.994 55.7883
19.6828 225.991 55.8214
19.6833 225.975 55.8406
19.6844 225.972 55.8844
19.685 225.961 55.9092
19.6858 225.958 55.9422
19.6869 225.939 55.9861
19.6875 225.936 56.0108
19.6886 225.934 56.0547
19.6892 225.92 56.0769
19.69 225.92 56.1097
19.6914 225.909 56.1675
19.6919 225.909 56.1867
19.6925 225.892 56.2114
19.6936 225.884 56.2553
19.6942 225.884 56.2772
19.6953 225.871 56.3239
19.6958 225.871 56.3461
19.6967 225.868 56.3789
19.6978 225.854 56.4228
19.6983 225.854 56.4475
19.6994 225.843 56.4917
19.7003 225.835 56.5217
19.7008 225.824 56.5436
19.7019 225.821 56.5906
19.7025 225.818 56.6125
19.7033 225.807 56.6453
19.7044 225.794 56.6919
19.705 225.794 56.7142
19.7058 225.791 56.7469
19.7069 225.774 56.7936
19.7078 225.769 56.8239
19.7086 225.766 56.8597
19.7092 225.763 56.8817
19.71 225.744 56.9144
19.7111 225.741 56.9586
19.7117 225.739 56.9833
19.7125 225.728 57.0161
19.7136 225.719 57.06
19.7142 225.714 57.0819
19.7153 225.714 57.1289
19.7161 225.697 57.1617
19.7167 225.692 57.1808
19.7178 225.686 57.2278
19.7183 225.686 57.2497
19.7192 225.673 57.2825
19.7203 225.664 57.3292
19.7208 225.662 57.3511
19.7219 225.659 57.3953
19.7225 225.642 57.4172
19.7233 225.634 57.45
19.7247 225.632 57.5078
19.7253 225.623 57.5297
19.7272 225.61 57.5708
19.7283 225.596 56.7717
19.7289 225.585 56.1592
19.73 225.577 55.2447
19.7306 225.577 54.8492
19.7314 225.571 54.2642
19.7325 225.566 53.4814
19.7336 225.558 52.7864
19.7342 225.555 52.6739
19.7353 225.536 53.0694
19.7358 225.533 53.1489
19.7367 225.53 53.1656
19.7378 225.522 53.1683
19.7383 225.516 53.1708
19.7392 225.505 53.1708
19.7403 225.5 53.1736
19.7411 225.489 53.1764
19.7419 225.478 53.1764
19.7425 225.475 53.1847
19.7433 225.475 53.1956
19.7444 225.459 53.2067
19.745 225.453 53.2122
19.7458 225.45 53.2203
19.7469 225.445 53.2314
19.7475 225.426 53.2397
19.7486 225.423 53.2506
19.7494 225.42 53.2589
19.75 225.412 53.2644
19.7511 225.398 53.2753
19.7517 225.398 53.2808
19.7525 225.395 53.2892
19.7536 225.382 53.3
19.7542 225.379 53.3056
19.7553 225.36 53.3164
19.7558 225.36 53.3219
19.7567 225.351 53.3303
19.7581 225.346 53.3439
19.7586 225.343 53.3494
19.7592 225.335 53.355
19.7603 225.321 53.3686
19.7608 225.318 53.3714
19.7619 225.308 53.3853
19.7625 225.302 53.3906
19.7633 225.296 53.3989
19.7644 225.294 53.41
19.765 225.288 53.4153
19.7661 225.266 53.4264
19.7669 225.264 53.4347
19.7675 225.264 53.44
19.7686 225.25 53.4511
19.7692 225.242 53.4567
19.77 225.242 53.4647
19.7711 225.228 53.4786
19.7717 225.22 53.4814
19.7725 225.214 53.4922
19.7736 225.211 53.5033
19.7744 225.197 53.5114
19.7753 225.192 53.5197
19.7758 225.189 53.5253
19.7767 225.187 53.5336
19.7778 225.162 53.5444
19.7783 225.162 53.55
19.7792 225.159 53.5583
19.7803 225.146 53.5692
19.7808 225.143 53.5747
19.7819 225.134 53.5856
19.7828 225.132 53.5939
19.7833 225.118 53.5994
19.7844 225.11 53.6131
19.785 225.107 53.6158
19.7858 225.101 53.6269
19.7869 225.088 53.6378
19.7875 225.082 53.6433
19.7886 225.077 53.6544
19.7892 225.069 53.6597
19.79 225.058 53.6681
19.7914 225.052 53.6819
19.7919 225.044 53.6872
19.7925 225.038 53.6928
19.7936 225.03 53.7039
19.7942 225.03 53.7092
19.7953 225.014 53.7203
19.7958 225.005 53.7258
19.7967 225.002 53.7339
19.7978 224.992 53.7478
19.7983 224.989 53.7533
19.7994 224.975 53.7642
19.8003 224.972 53.7725
19.8008 224.972 53.7781
19.8019 224.951 53.7889
19.8025 224.948 53.7944
19.8033 224.945 53.8028
19.8044 224.931 53.8136
19.805 224.926 53.8192
19.8058 224.923 53.8275
19.8069 224.92 53.8383
19.8078 224.884 53.8467
19.8086 224.884 53.8547
19.8092 224.884 53.8603
19.81 224.882 53.8686
19.8111 224.879 53.8794
19.8117 224.871 53.885
19.8125 224.868 53.8961
19.8136 224.846 53.9042
19.8142 224.846 53.9097
19.8153 224.838 53.9236
19.8167 224.821 53.9372
19.8172 224.816 53.9428
19.8181 224.813 53.9508
19.8189 224.802 53.9592
19.8194 224.791 53.9647
19.8206 224.788 53.9756
19.8211 224.78 53.9811
19.8219 224.769 53.9894
19.8231 224.766 54.0003
19.8236 224.761 54.0058
19.825 224.742 54.0197
19.8269 224.731 54.0361
19.8275 224.725 54.0417
19.8286 224.714 54.0525
19.8292 224.711 54.0608
19.83 224.703 54.0692
19.8311 224.687 54.08
19.8317 224.687 54.0856
19.8331 224.673 54.1019
19.8336 224.662 54.08
19.8342 224.659 53.8356
19.8353 224.648 53.4236
19.8358 224.646 53.2478
19.8367 224.634 52.9869
19.8378 224.632 52.6464
19.8383 224.624 52.4761
19.8394 224.61 52.1356
19.8403 224.607 51.8828
19.8411 224.599 51.6328
19.8419 224.585 51.3803
19.8425 224.583 51.2125
19.8433 224.577 50.9572
19.8444 224.569 50.6194
19.845 224.558 50.4492
19.8461 224.555 50.1114
19.8469 224.544 49.8558
19.8475 224.538 49.6883
19.8486 224.528 49.3478
19.8494 224.528 49.1006
19.85 224.525 48.9439
19.8511 224.497 49.0347
19.8517 224.492 49.0978
19.8528 224.492 49.1528
19.8536 224.489 49.1883
19.8542 224.475 49.2131
19.8553 224.467 49.2569
19.8558 224.462 49.2792
19.8567 224.451 49.3119
19.8581 224.442 49.3642
19.8586 224.437 49.3861
19.8594 224.417 49.4192
19.8603 224.417 49.4494
19.8608 224.412 49.4714
19.8619 224.401 49.5153
19.8625 224.398 49.5372
19.8633 224.39 49.5675
19.8644 224.374 49.6114
19.865 224.374 49.6306
19.8664 224.374 49.6856
19.8669 224.374 49.7047
19.8675 224.374 49.7267
19.8686 224.308 49.7733
19.8692 224.308 49.7953
19.87 224.308 49.8283
19.8711 224.305 49.8722
19.8717 224.305 49.8942
19.8728 224.305 49.9408
19.8736 224.305 49.9739
19.8744 224.291 50.0069
19.8753 224.28 50.0397
19.8758 224.28 50.0619
19.8767 224.261 50.0947
19.8778 224.253 50.1386
19.8783 224.25 50.1606
19.8794 224.236 50.2075
19.8803 224.236 50.2403
19.8808 224.222 50.2622
19.8819 224.203 50.3064
19.8828 224.198 50.3392
19.8833 224.198 50.3611
19.8844 224.187 50.405
19.885 224.184 50.4272
19.8861 224.181 50.4711
19.8869 224.162 50.5039
19.8875 224.159 50.5261
19.8886 224.148 50.5728
19.8892 224.14 50.5947
19.89 224.135 50.6275
19.8914 224.121 50.6825
19.8919 224.113 50.7044
19.8928 224.107 50.7375
19.8936 224.099 50.7706
19.8942 224.094 50.7925
19.8953 224.083 50.8392
19.8958 224.08 50.8611
19.8967 224.074 50.8939
19.8978 224.055 50.9381
19.8983 224.052 50.96
19.8997 224.041 51.015
19.9003 224.033 51.0369
19.9008 224.03 51.0589
19.9019 224.022 51.1028
19.9028 224.006 51.1358
19.9033 224.003 51.1606
19.9044 223.992 51.2044
19.905 223.989 51.2264
19.9061 223.978 51.2703
19.9069 223.975 51.3033
19.9078 223.962 51.3361
19.9086 223.951 51.3692
19.9092 223.948 51.3911
19.91 223.937 51.4269
19.9111 223.929 51.4708
19.9117 223.923 51.4928
19.9128 223.915 51.5367
19.9136 223.901 51.5697
19.9142 223.899 51.5917
19.9153 223.887 51.6383
19.9164 223.874 51.6822
19.9169 223.874 51.7014
19.9178 223.866 51.7344
19.9183 223.86 51.7564
19.9194 223.844 51.8031
19.9203 223.841 51.8361
19.9208 223.833 51.8581
19.9219 223.819 51.9019
19.9228 223.816 51.935
19.9233 223.808 51.9569
19.9247 223.794 52.0119
19.9253 223.789 52.0339
19.9261 223.78 52.0694
19.9269 223.772 52.0997
19.9275 223.767 52.1244
19.9286 223.764 52.1683
19.9294 223.764 52.2014
19.93 223.764 52.2233
19.9311 223.692 52.2672
19.9317 223.687 52.2919
19.9331 223.687 52.3469
19.9353 223.687 52.4322
19.9361 223.687 52.465
19.9367 223.687 52.4869
19.9378 223.684 52.5336
19.9383 223.665 52.5558
19.9394 223.659 52.5997
19.9403 223.646 52.6325
19.9411 223.632 52.6656
19.9419 223.624 52.6986
19.9428 223.616 52.7314
19.9433 223.61 52.7533
19.9444 223.607 52.7975
19.945 223.583 52.8194
19.9461 223.58 52.8661
19.9469 223.58 52.8992
19.9475 223.569 52.9211
19.9486 223.555 52.965
19.9497 223.55 53.0089
19.9503 223.544 53.0281
19.9511 223.531 53.0611
19.9517 223.525 53.0858
19.9528 223.517 53.1297
19.9536 223.506 53.1628
19.9542 223.503 53.1847
19.9553 223.489 53.2286
19.9561 223.476 53.2617
19.9567 223.476 53.2836
19.9581 223.462 53.3411
19.9586 223.454 53.3606
19.9594 223.451 53.3961
19.9603 223.448 53.4292
19.9608 223.448 53.4511
19.9619 223.396 53.495
19.9628 223.393 53.5281
19.9633 223.393 53.55
19.9644 223.393 53.5939
19.965 223.393 53.6158
19.9664 223.371 53.6708
19.9669 223.368 53.6928
19.9675 223.368 53.7147
19.9686 223.357 53.7586
19.9694 223.344 53.7917
19.97 223.344 53.8136
19.9711 223.33 53.8575
19.9717 223.319 53.8822
19.9728 223.311 53.9264
19.9736 223.303 53.9592
19.9744 223.303 53.9922
19.9753 223.267 54.025
19.9761 223.267 54.0581
19.9767 223.267 54.08
19.9778 223.261 54.1239
19.9783 223.256 54.1461
19.9794 223.242 54.19
19.9803 223.237 54.2256
19.9808 223.226 54.2475
19.9819 223.214 54.2917
19.9831 223.201 54.3356
19.9836 223.198 54.3547
19.9844 223.19 54.3878
19.985 223.187 54.4097
19.9861 223.173 54.4536
19.9869 223.162 54.4892
19.9875 223.16 54.5114
19.9886 223.143 54.5553
19.9894 223.138 54.5881
19.99 223.135 54.6103
19.9914 223.11 54.665
19.9919 223.107 54.6869
19.9928 223.105 54.72
19.9936 223.096 54.7531
19.9942 223.086 54.775
19.9953 223.08 54.8189
19.9961 223.066 54.8547
19.9967 223.058 54.8767
19.9978 223.053 54.9206
19.9983 223.044 54.9425
19.9997 223.031 54.9975
20.0003 223.025 55.0167
20.0008 223.019 55.0386
20.0019 223.003 55.0853
20.0028 222.997 55.1183
20.0033 222.992 55.1403
20.0044 222.978 55.1842
20.005 222.976 55.2061
20.0061 222.959 55.25
20.0069 222.951 55.2831
20.0078 222.946 55.3161
20.0086 222.934 55.3489
20.0094 222.926 55.3819
20.01 222.923 55.4039
20.0111 222.91 55.4478
20.0117 222.899 55.4725
20.0128 222.891 55.5164
20.0136 222.882 55.5494
20.0142 222.874 55.5714
20.0153 222.866 55.6153
20.0164 222.849 55.6594
20.0169 222.844 55.6786
20.0178 222.844 55.7142
20.0183 222.841 55.7336
20.0194 222.841 55.7803
20.0219 222.767 55.8792
20.0228 222.767 55.9119
20.0233 222.767 55.9339
20.0247 222.767 55.9889
20.0253 222.767 56.0108
20.0261 222.764 56.0439
20.0269 222.742 56.0769
20.0275 222.737 56.0989
20.0286 222.723 56.1428
20.0294 222.712 56.1783
20.03 222.712 56.2006
20.0311 222.698 56.2444
20.0319 222.687 56.2772
20.0331 222.668 56.3214
20.0336 222.66 56.3406
20.0342 222.66 56.3625
20.0353 222.649 56.4064
20.0361 222.646 56.4394
20.0367 222.635 56.4614
20.0378 222.629 56.5081
20.0386 222.616 56.5411
20.0394 222.607 56.5739
20.0403 222.597 56.6069
20.0411 222.583 56.64
20.0419 222.577 56.6728
20.0428 222.569 56.7058
20.0433 222.561 56.7278
20.0444 222.55 56.7717
20.0453 222.542 56.8047
20.0461 222.533 56.8375
20.0469 222.52 56.8706
20.0475 222.514 56.8925
20.0486 222.506 56.9364
20.0497 222.492 56.9806
20.0503 222.489 57.0025
20.0511 222.476 57.0353
20.0519 222.468 57.0683
20.0528 222.459 57.1014
20.0553 222.429 57.2003
20.0561 222.421 57.2331
20.0567 222.415 57.255
20.0581 222.402 57.31
20.0586 222.396 57.3319
20.0594 222.388 57.365
20.0603 222.385 57.3981
20.0608 222.383 57.42
20.0619 222.383 57.4639
20.0628 222.314 57.4994
20.0633 222.311 57.5217
20.0644 222.311 57.5656
20.0653 222.311 57.5983
20.0664 222.311 57.6425
20.0669 222.308 57.6617
20.0675 222.306 57.6836
20.0686 222.292 57.7275
20.0694 222.275 57.7606
20.07 222.275 57.7825
20.0711 222.256 57.8264
20.0719 222.251 57.8594
20.0728 222.239 57.895
20.0736 222.229 57.9281
20.0744 222.226 57.9611
20.0753 222.201 57.9911
20.0761 222.198 58.0242
20.0767 222.198 58.0461
20.0778 222.185 58.0928
20.0786 222.174 58.1258
20.0794 222.168 58.1586
20.0803 222.16 58.1917
20.0808 222.157 58.2136
20.0819 222.135 58.2575
20.0831 222.121 58.3017
20.0836 222.116 58.3208
20.0844 222.105 58.3536
20.0853 222.099 58.3867
20.0861 222.089 58.4225
20.0869 222.08 58.4553
20.0875 222.075 58.4772
20.0886 222.066 58.5214
20.0894 222.039 58.5542
20.09 222.039 58.5761
20.0914 222.031 58.6311
20.0919 222.028 58.6503
20.0928 222.014 58.6861
20.0936 222.003 58.7192
20.0942 222.001 58.7411
20.0953 221.987 58.785
20.0961 221.973 58.8178
20.0967 221.97 58.84
20.0978 221.954 58.8839
20.0986 221.946 58.9167
20.0997 221.938 58.9608
20.1003 221.929 58.98
20.1008 221.924 59.0019
20.1019 221.921 59.0458
20.1028 221.894 59.0789
20.1033 221.869 59.1008
20.1044 221.869 59.1475
20.1053 221.869 59.1806
20.1061 221.869 59.2133
20.1069 221.855 59.2464
20.1078 221.847 59.2794
20.1086 221.841 59.3094
20.1094 221.827 59.3425
20.1103 221.819 59.3783
20.1111 221.808 59.4111
20.1119 221.795 59.4442
20.1128 221.784 59.4772
20.1153 221.756 59.5758
20.1164 221.742 59.62
20.1167 221.734 59.6392
20.1175 221.729 59.6722
20.1183 221.715 59.705
20.1192 221.712 59.7381
20.12 221.704 59.7711
20.1206 221.704 59.7931
20.1217 221.663 59.8369
20.1225 221.663 59.8697
20.1231 221.663 59.8919
20.1244 221.652 59.9467
20.125 221.649 59.9686
20.1258 221.633 60.0017
20.1267 221.627 60.0347
20.1272 221.619 60.0567
20.1283 221.611 60.1006
20.1292 221.611 60.1336
20.1297 221.608 60.1556
20.1308 221.545 60.1994
20.1317 221.545 60.2325
20.1328 221.545 60.2764
20.1333 221.545 60.2983
20.1339 221.545 60.3203
20.135 221.531 60.3642
20.1358 221.517 60.3944
20.1364 221.517 60.4192
20.1375 221.495 60.4631
20.1383 221.495 60.4961
20.1392 221.476 60.5292
20.14 221.468 60.5619
20.1411 221.465 60.6031
20.1417 221.465 60.6253
20.1425 221.416 60.6581
20.1431 221.405 60.68
20.1442 221.405 60.7242
20.145 221.405 60.7569
20.1458 221.405 60.79
20.1467 221.399 60.8231
20.1475 221.374 60.8558
20.1483 221.374 60.8889
20.1494 221.363 60.9328
20.15 221.361 60.9519
20.1508 221.341 60.9878
20.1517 221.331 61.0206
20.1525 221.319 61.0536
20.1533 221.311 61.0867
20.1542 221.303 61.1194
20.155 221.289 61.1525
20.1558 221.284 61.1856
20.1564 221.27 61.2075
20.1578 221.256 61.2597
20.1583 221.256 61.2817
20.1592 221.24 61.3144
20.1617 221.207 61.4133
20.1625 221.204 61.4464
20.1631 221.196 61.4683
20.1642 221.179 61.5122
20.165 221.174 61.5453
20.1661 221.157 61.5892
20.1667 221.155 61.6111
20.1675 221.155 61.6442
20.1683 221.108 61.6772
20.1692 221.108 61.71
20.1697 221.108 61.7319
20.1708 221.105 61.7761
20.1717 221.1 61.8089
20.1725 221.086 61.8419
20.1733 221.072 61.875
20.1744 221.053 61.9161
20.175 221.047 61.9381
20.1772 221.034 61.9711
20.1781 221.02 61.4875
20.1789 221.014 60.5539
20.1797 221.004 59.8506
20.1806 221.004 59.2575
20.1814 221.004 58.6697
20.1822 220.927 58.0844
20.1833 220.924 57.3733
20.1842 220.924 57.2469
20.185 220.924 57.6203
20.1858 220.924 57.7028
20.1867 220.924 57.7083
20.1872 220.921 57.7056
20.1883 220.896 57.7028
20.1892 220.888 57.7
20.19 220.874 57.6972
20.1911 220.858 57.6919
20.1917 220.85 57.6892
20.1925 220.847 57.6864
20.1933 220.822 57.6808
20.1939 220.819 57.6781
20.195 220.817 57.6753
20.1958 220.795 57.6697
20.1967 220.795 57.6672
20.1975 220.784 57.6617
20.1983 220.773 57.6589
20.1994 220.756 57.6533
20.2 220.751 57.6506
20.2006 220.74 57.6561
20.2017 220.732 57.6725
20.2025 220.715 57.6808
20.2033 220.704 57.6892
20.2042 220.701 57.6972
20.205 220.679 57.7056
20.2058 220.677 57.7139
20.2067 220.666 57.7192
20.2078 220.652 57.7303
20.2083 220.644 57.7358
20.2092 220.633 57.7439
20.21 220.624 57.7522
20.2108 220.614 57.7578
20.2117 220.6 57.7661
20.2125 220.594 57.7742
20.2133 220.581 57.7825
20.2142 220.57 57.7906
20.215 220.561 57.7961
20.2161 220.548 57.8072
20.2167 220.545 57.8128
20.2175 220.545 57.8208
20.2183 220.542 57.8292
20.2192 220.479 57.8347
20.22 220.476 57.8428
20.2208 220.476 57.8511
20.2217 220.476 57.8594
20.2225 220.476 57.8647
20.2233 220.465 57.8731
20.2247 220.451 57.8869
20.2253 220.438 57.8922
20.2258 220.427 57.8978
20.2269 220.416 57.9089
20.2278 220.413 57.9142
20.2286 220.397 57.9225
20.2294 220.386 57.9308
20.2303 220.366 57.9389
20.2311 220.361 57.9472
20.2319 220.35 57.9556
20.2331 220.336 57.9636
20.2339 220.328 57.9719
20.2347 220.311 57.9803
20.2356 220.309 57.9858
20.2364 220.292 57.9939
20.2372 220.284 58.0022
20.2378 220.279 58.0078
20.2389 220.259 58.0186
20.2397 220.256 58.0242
20.2406 220.24 58.0325
20.2417 220.229 58.0433
20.2425 220.215 58.0517
20.2433 220.204 58.0597
20.2442 220.196 58.0653
20.245 220.185 58.0736
20.2458 220.177 58.0819
20.2467 220.16 58.09
20.2475 220.152 58.0983
20.2483 220.141 58.1039
20.2494 220.127 58.1147
20.25 220.125 58.1203
20.2508 220.111 58.1286
20.2517 220.1 58.1339
20.2525 220.092 58.1422
20.2533 220.084 58.1506
20.2542 220.067 58.1586
20.255 220.053 58.1669
20.2558 220.048 58.1725
20.2567 220.037 58.1808
20.2578 220.026 58.1917
20.2583 220.015 58.1972
20.2592 220.001 58.2056
20.26 219.993 58.2108
20.2608 219.982 58.2192
20.2617 219.976 58.2275
20.2625 219.962 58.2356
20.2633 219.949 58.2439
20.2642 219.938 58.2494
20.265 219.93 58.2575
20.2661 219.916 58.2686
20.2667 219.911 58.2742
20.2675 219.897 58.2797
20.2683 219.888 58.2878
20.2692 219.875 58.2961
20.27 219.866 58.3042
20.2708 219.861 58.3097
20.2717 219.836 58.3181
20.2725 219.834 58.3264
20.2733 219.822 58.3344
20.2744 219.809 58.3456
20.275 219.801 58.3483
20.2858 219.661 58.4472
20.2867 219.652 58.4553
20.2875 219.633 58.4636
20.2883 219.625 58.4719
20.2892 219.625 58.4772
20.29 219.603 58.4856
20.2908 219.572 58.4939
20.2917 219.572 58.4994
20.2925 219.572 58.4994
20.2933 219.572 58.4967
20.2942 219.572 58.4967
20.295 219.572 58.4967
20.2958 219.572 58.4967
20.2967 219.575 58.4967
20.2975 219.578 58.4967
20.2983 219.578 58.4967
20.2992 219.581 58.4939
20.3 219.581 58.4967
20.3008 219.589 58.4967
20.3017 219.592 58.4967
20.3025 219.592 58.4967
20.3033 219.592 58.4967
20.3042 219.592 58.4967
20.305 219.592 58.4967
20.3058 219.592 58.4967
20.3067 219.592 58.4967
20.3075 219.592 58.4967
20.3083 219.592 58.4967
20.3092 219.592 58.4967
20.31 219.592 58.4967
20.3108 219.592 58.4967
20.3117 219.592 58.4967
20.3125 219.592 58.4939
20.3133 219.592 58.4967
20.3142 219.592 58.4967
20.315 219.592 58.4967
20.3158 219.592 58.4967
20.3167 219.592 58.4967
20.3175 219.592 58.4939
20.3183 219.592 58.4967
20.3192 219.592 58.4967
20.32 219.592 58.4967
20.3225 219.592 58.4967
20.3233 219.592 58.4967
20.3242 219.592 58.4967
20.325 219.592 58.4967
20.3258 219.592 58.4967
20.3267 219.592 58.4967
20.3275 219.592 58.4967
20.3283 219.592 58.4967
20.3292 219.592 58.4967
20.33 219.592 58.4939
20.3308 219.592 58.4967
20.3317 219.592 58.4939
20.3325 219.592 58.4967
20.3333 219.592 58.4967
20.3342 219.592 58.4939
20.335 219.592 58.4967
20.3358 219.592 58.4967
20.3367 219.592 58.4967
20.3375 219.592 58.4967
20.3383 219.592 58.4967
20.3392 219.592 58.4967
20.34 219.592 58.4967
20.3408 219.592 58.4967
20.3417 219.592 58.4967
20.3425 219.592 58.4967
20.3433 219.592 58.4967
20.3442 219.592 58.4967
20.345 219.592 58.4939
20.3458 219.589 58.4967
20.3467 219.589 58.4967
20.3475 219.589 58.4967
20.3483 219.589 58.4967
20.3492 219.589 58.4967
20.3517 219.589 58.4967
20.3525 219.589 58.4967
20.3533 219.589 58.4967
20.3542 219.589 58.4967
20.355 219.589 58.4967
20.3558 219.589 58.4939
20.3567 219.589 58.4967
20.3575 219.589 58.4939
20.3583 219.589 58.4967
20.3592 219.589 58.4967
20.36 219.589 58.4967
20.3608 219.589 58.4967
20.3617 219.589 58.4967
20.3625 219.589 58.4967
20.3633 219.589 58.4967
20.3642 219.589 58.4967
20.365 219.589 58.4967
20.3658 219.589 58.4967
20.3667 219.589 58.4967
20.3675 219.589 58.4967
20.3683 219.589 58.4967
20.3692 219.589 58.4967
20.37 219.589 58.4967
20.3708 219.589 58.4967
20.3717 219.589 58.4967
20.3725 219.589 58.4939
20.3733 219.589 58.4967
20.3742 219.589 58.4967
20.375 219.589 58.4967
20.3758 219.589 58.4967
20.3767 219.589 58.4967
20.3775 219.589 58.4967
20.3783 219.589 58.4967
20.3792 219.589 58.4967
20.38 219.589 58.4967
20.3808 219.589 58.4967
20.3817 219.589 58.4939
20.3825 219.589 58.4967
20.3833 219.589 58.4939
20.3842 219.589 58.4967
20.385 219.589 58.4967
20.3858 219.589 58.4967
20.3867 219.589 58.4967
20.3875 219.589 58.4967
20.3883 219.589 58.4939
20.3892 219.589 58.4967
20.39 219.589 58.4967
20.3908 219.589 58.4967
20.3917 219.589 58.4967
20.3925 219.589 58.4939
20.3933 219.589 58.4967
20.3942 219.589 58.4967
20.395 219.589 58.4967
20.3958 219.589 58.4967
20.3967 219.589 58.4967
20.3975 219.589 58.4967
20.3983 219.589 58.4939
20.3992 219.589 58.4967
20.4 219.589 58.4967
20.4008 219.589 58.4967
20.4017 219.589 58.4967
20.4025 219.589 58.4939
20.4033 219.589 58.4967
20.4042 219.589 58.4967
20.405 219.589 58.4967
20.4058 219.589 58.4967
20.4067 219.589 58.4967
20.4075 219.589 58.4967
20.4083 219.589 58.4967
20.4092 219.589 58.4967
20.41 219.589 58.4967
20.4108 219.589 58.4967
20.4117 219.589 58.4967
20.4125 219.589 58.4967
20.4133 219.589 58.4967
20.4142 219.589 58.4967
20.415 219.589 58.4967
20.4158 219.589 58.4967
20.4167 219.589 58.4967
20.4175 219.589 58.4967
20.4183 219.589 58.4967
20.4192 219.589 58.4967
20.42 219.589 58.4967
20.4208 219.589 58.4967
20.4217 219.589 58.4967
20.4225 219.589 58.4967
20.4233 219.589 58.4967
20.4242 219.589 58.4967
20.425 219.589 58.4967
20.4258 219.589 58.4967
20.4267 219.589 58.4967
20.4275 219.589 58.4967
20.4283 219.589 58.4939
20.4292 219.589 58.4939
20.43 219.589 58.4967
20.4308 219.589 58.4967
20.4317 219.589 58.4967
20.4325 219.589 58.4967
20.4333 219.589 58.4939
20.4342 219.589 58.4939
20.435 219.589 58.4967
20.4358 219.589 58.4967
20.4367 219.589 58.4967
20.4375 219.589 58.4967
20.4383 219.589 58.4967
20.4392 219.589 58.4967
20.44 219.589 58.4967
20.4408 219.589 58.4967
20.4417 219.589 58.4967
20.4425 219.589 58.4967
20.4433 219.589 58.4967
20.4442 219.589 58.4967
20.445 219.589 58.4967
20.4458 219.589 58.4967
20.4467 219.589 58.4967
20.4475 219.589 58.4939
20.4483 219.589 58.4939
20.4492 219.589 58.4967
20.45 219.589 58.4967
20.4508 219.589 58.4967
20.4517 219.589 58.4967
20.4525 219.589 58.4967
20.4533 219.589 58.4967
20.4542 219.589 58.4967
20.455 219.589 58.4967
20.4558 219.589 58.4967
20.4567 219.589 58.4967
20.4575 219.589 58.4967
20.4583 219.589 58.4967
20.4592 219.589 58.4967
20.46 219.589 58.4967
20.4608 219.589 58.4967
20.4617 219.589 58.4967
20.4625 219.589 58.4967
20.4633 219.589 58.4967
20.4642 219.589 58.4939
20.465 219.589 58.4967
20.4658 219.589 58.4967
20.4667 219.589 58.4967
20.4675 219.589 58.4967
20.4683 219.589 58.4967
20.4692 219.589 58.4939
20.47 219.589 58.4967
20.4708 219.589 58.4939
20.4717 219.589 58.4967
20.4725 219.589 58.4967
20.4733 219.589 58.4967
20.4742 219.589 58.4967
20.475 219.589 58.4967
20.4758 219.589 58.4967
20.4767 219.589 58.4939
20.4775 219.589 58.4967
20.4783 219.589 58.4967
20.4792 219.589 58.4967
20.48 219.589 58.4967
20.4808 219.589 58.4967
20.4817 219.589 58.4967
20.4825 219.589 58.4939
20.4833 219.589 58.4967
20.4842 219.589 58.4967
20.485 219.589 58.4967
20.4858 219.589 58.4967
20.4867 219.589 58.4967
20.4875 219.589 58.4967
20.4883 219.589 58.4967
20.4892 219.589 58.4967
20.49 219.589 58.4967
20.4908 219.589 58.4967
20.4917 219.589 58.4967
20.4925 219.589 58.4967
20.4933 219.589 58.4967
20.4942 219.589 58.4939
20.495 219.589 58.4967
20.4958 219.589 58.4967
20.4967 219.589 58.4967
20.4975 219.589 58.4967
20.4983 219.589 58.4967
20.4992 219.589 58.4967
20.5 219.589 58.4967
20.5008 219.589 58.4967
20.5017 219.589 58.4967
20.5025 219.589 58.4967
20.5033 219.589 58.4967
20.5042 219.589 58.4967
20.505 219.589 58.4967
20.5058 219.589 58.4939
20.5067 219.589 58.4967
20.5075 219.589 58.4967
20.5083 219.589 58.4967
20.5092 219.589 58.4967
20.51 219.589 58.4939
20.5108 219.589 58.4939
20.5117 219.589 58.4967
20.5125 219.589 58.4967
20.5133 219.589 58.4967
20.5142 219.589 58.4967
20.515 219.589 58.4939
20.5158 219.589 58.4967
20.5167 219.589 58.4967
20.5175 219.589 58.4967
20.5183 219.589 58.4967
20.5192 219.589 58.4967
20.52 219.589 58.4967
20.5208 219.589 58.4967
20.5217 219.589 58.4967
20.5225 219.589 58.4967
20.5233 219.589 58.4967
20.5242 219.589 58.4967
20.525 219.589 58.4967
20.5258 219.589 58.4939
20.5267 219.589 58.4967
20.5275 219.589 58.4939
20.5283 219.589 58.4967
20.5292 219.589 58.4939
20.53 219.589 58.4967
20.5308 219.589 58.4967
20.5317 219.589 58.4967
20.5325 219.589 58.4967
20.5333 219.589 58.4967
20.5342 219.589 58.4967
20.535 219.589 58.4967
20.5358 219.589 58.4967
20.5367 219.589 58.4967
20.5375 219.589 58.4967
20.5383 219.589 58.4967
20.5392 219.589 58.4939
20.54 219.589 58.4967
20.5408 219.589 58.4967
20.5417 219.589 58.4967
20.5425 219.589 58.4967
20.5433 219.589 58.4967
20.5442 219.589 58.4967
20.545 219.589 58.4967
20.5458 219.589 58.4967
20.5467 219.589 58.4967
20.5475 219.589 58.4967
20.5483 219.589 58.4967
20.5492 219.589 58.4967
20.55 219.589 58.4967
20.5508 219.589 58.4967
20.5517 219.589 58.4967
20.5525 219.589 58.4967
20.5533 219.589 58.4967
20.5542 219.589 58.4967
20.555 219.589 58.4967
20.5558 219.589 58.4967
20.5567 219.589 58.4967
20.5575 219.589 58.4967
20.5583 219.589 58.4967
20.5592 219.589 58.4967
20.56 219.589 58.4967
20.5608 219.589 58.4967
20.5617 219.589 58.4967
20.5625 219.589 58.4967
20.5633 219.589 58.4967
20.5642 219.589 58.4967
20.565 219.589 58.4967
20.5658 219.589 58.4967
20.5667 219.589 58.4967
20.5675 219.589 58.4939
20.5683 219.589 58.4967
20.5692 219.589 58.4967
20.57 219.589 58.4939
20.5708 219.589 58.4967
20.5717 219.589 58.4967
20.5725 219.589 58.4967
20.5733 219.589 58.4967
20.5742 219.589 58.4967
20.575 219.589 58.4967
20.5758 219.589 58.4967
20.5767 219.589 58.4967
20.5775 219.589 58.4967
20.5783 219.589 58.4967
20.5792 219.589 58.4967
20.58 219.589 58.4967
20.5808 219.589 58.4967
20.5817 219.589 58.4967
20.5825 219.589 58.4967
20.5833 219.589 58.4967
20.5842 219.589 58.4967
20.585 219.589 58.4967
20.5858 219.589 58.4967
20.5867 219.589 58.4967
20.5875 219.589 58.4967
20.5883 219.589 58.4967
20.5892 219.589 58.4967
20.59 219.589 58.4967
20.5908 219.589 58.4967
20.5917 219.589 58.4967
20.5925 219.589 58.4939
20.5933 219.589 58.4939
20.5942 219.589 58.4967
20.595 219.589 58.4967
20.5958 219.589 58.4967
20.5967 219.589 58.4967
20.5975 219.589 58.4967
20.5983 219.589 58.4939
20.5992 219.589 58.4939
20.6 219.589 58.4967
20.6008 219.589 58.4939
20.6017 219.589 58.4967
20.6025 219.589 58.4967
20.6033 219.589 58.4967
20.6042 219.589 58.4967
20.605 219.589 58.4939
20.6058 219.589 58.4967
20.6067 219.589 58.4967
20.6075 219.589 58.4967
20.6083 219.589 58.4967
20.6092 219.589 58.4967
20.61 219.589 58.4967
20.6108 219.589 58.4967
20.6117 219.589 58.4967
20.6131 219.586 58.5186
20.6139 219.04 59.0019
20.6147 218.098 59.9439
20.6156 217.147 60.6856
20.6167 215.873 61.4353
20.6175 215.052 61.6167
20.6183 214.829 61.2844
20.6192 214.939 61.1744
20.62 215.024 61.1828
20.6208 215.027 61.1992
20.6217 215.027 61.2156
20.6225 214.917 61.2322
20.6233 214.851 61.2458
20.6244 214.804 61.2678
20.625 214.785 61.2789
20.6258 214.755 61.2953
20.6267 214.722 61.3119
20.6275 214.692 61.3283
20.6283 214.662 61.3475
20.6292 214.629 61.3639
20.63 214.601 61.3806
20.6308 214.568 61.3969
20.6317 214.533 61.4133
20.6328 214.494 61.4353
20.6333 214.472 61.4436
20.6342 214.469 61.4492
20.635 214.453 61.4519
20.6358 214.445 61.46
20.6367 214.428 61.4656
20.6375 214.414 61.4739
20.6383 214.401 61.4794
20.6392 214.387 61.4875
20.64 214.373 61.4931
20.6411 214.351 61.5042
20.6417 214.346 61.5069
20.6425 214.329 61.5122
20.6433 214.313 61.5206
20.6442 214.302 61.5261
20.645 214.286 61.5342
20.6458 214.274 61.5397
20.6467 214.258 61.5481
20.6475 214.244 61.5536
20.6483 214.231 61.5617
20.6494 214.209 61.57
20.65 214.206 61.5756
20.6508 214.189 61.5811
20.6517 214.178 61.5892
20.6525 214.159 61.5947
20.6533 214.148 61.6031
20.6542 214.129 61.6083
20.655 214.118 61.6139
20.6558 214.101 61.6222
20.6586 214.052 61.6442
20.6592 214.049 61.6469
20.66 214.03 61.655
20.6608 214.022 61.6606
20.6617 214 61.6689
20.6625 213.986 61.6744
20.665 213.945 61.6936
20.6661 213.923 61.7044
20.6667 213.917 61.7072
20.6675 213.909 61.7156
20.6683 213.89 61.7211
20.6692 213.876 61.7267
20.67 213.86 61.7347
20.6708 213.846 61.7403
20.6717 213.829 61.7486
20.6725 213.816 61.7539
20.6733 213.805 61.7622
20.6744 213.777 61.7706
20.675 213.772 61.7733
20.6758 213.761 61.7814
20.6767 213.744 61.7869
20.6775 213.731 61.7953
20.6783 213.717 61.8008
20.6792 213.701 61.8061
20.68 213.687 61.8144
20.6808 213.673 61.82
20.6817 213.659 61.8281
20.6828 213.651 61.8364
20.6833 213.648 61.8392
20.6842 213.596 61.8475
20.685 213.596 61.8528
20.6858 213.585 61.8611
20.6867 213.577 61.8667
20.6875 213.563 61.8722
20.6883 213.547 61.8803
20.6892 213.522 61.8858
20.69 213.514 61.8914
20.6911 213.494 61.9022
20.6917 213.486 61.905
20.6925 213.47 61.9133
20.6933 213.459 61.9189
20.6942 213.442 61.9242
20.695 213.42 61.9325
20.6958 213.409 61.9381
20.6983 213.365 61.9572
20.6994 213.346 61.9683
20.7 213.338 61.9711
20.7008 213.333 61.9764
20.7017 213.302 61.9847
20.7025 213.28 61.9903
20.7033 213.278 61.9958
20.7042 213.266 62.0039
20.705 213.258 62.0094
20.7058 213.234 62.0178
20.7067 213.228 62.0231
20.7078 213.206 62.0314
20.7083 213.192 62.0369
20.7092 213.179 62.0425
20.71 213.157 62.0478
20.7108 213.151 62.0561
20.7117 213.129 62.0617
20.7139 213.104 62.0725
20.7147 213.091 62.0808
20.7156 213.077 62.0892
20.7167 213.049 62.0919
20.7175 213.022 61.7678
20.7183 213.019 61.46
20.7192 212.997 61.1936
20.72 212.984 60.9328
20.7208 212.97 60.6747
20.7217 212.959 60.4164
20.7225 212.942 60.1611
20.7233 212.923 59.9028
20.7244 212.909 59.5678
20.725 212.901 59.4031
20.7258 212.879 59.1447
20.7267 212.876 58.8867
20.7275 212.876 58.6311
20.7283 212.83 58.3758
20.7292 212.789 58.1203
20.73 212.789 57.8622
20.7308 212.789 57.6067
20.7317 212.775 57.3511
20.7328 212.758 57.0133
20.7333 212.745 56.8514
20.7342 212.734 56.9639
20.735 212.734 57.06
20.7358 212.731 57.1014
20.7367 212.662 57.1342
20.7375 212.654 57.1672
20.7383 212.654 57.1975
20.7392 212.632 57.2303
20.74 212.629 57.2606
20.7414 212.602 57.31
20.7419 212.585 57.3292
20.7428 212.58 57.3594
20.7436 212.561 57.3897
20.7444 212.547 57.42
20.7453 212.53 57.45
20.7461 212.517 57.4803
20.7469 212.503 57.5106
20.7478 212.495 57.5408
20.7486 212.467 57.5708
20.7497 212.451 57.6094
20.7506 212.434 57.6397
20.7514 212.426 57.6725
20.7522 212.396 57.7028
20.7531 212.393 57.7358
20.7539 212.377 57.7661
20.7547 212.355 57.7989
20.7556 212.344 57.8292
20.7564 212.324 57.8622
20.7572 212.311 57.8922
20.7583 212.291 57.9336
20.7589 212.283 57.9556
20.7597 212.275 57.9858
20.7606 212.272 58.0186
20.7614 212.267 58.0489
20.7622 212.184 58.0819
20.7631 212.182 58.1119
20.7639 212.182 58.1422
20.7647 212.182 58.1753
20.7656 212.157 58.2056
20.7667 212.14 58.2467
20.7675 212.121 58.2769
20.7683 212.116 58.3097
20.7692 212.091 58.34
20.77 212.077 58.3731
20.7708 212.063 58.4031
20.7717 212.053 58.4361
20.7725 212.036 58.4664
20.7733 212.014 58.4994
20.7744 212 58.5406
20.775 211.987 58.5597
20.7758 211.973 58.5928
20.7767 211.956 58.6228
20.7775 211.934 58.6531
20.7783 211.921 58.6861
20.7792 211.912 58.7164
20.78 211.893 58.7492
20.7808 211.879 58.7794
20.7817 211.866 58.8125
20.7828 211.836 58.8536
20.7833 211.83 58.8728
20.7842 211.814 58.9031
20.785 211.814 58.9361
20.7858 211.811 58.9661
20.7867 211.742 58.9964
20.7875 211.723 59.0294
20.7883 211.723 59.0597
20.7892 211.723 59.0925
20.79 211.706 59.1228
20.7911 211.682 59.1639
20.7917 211.679 59.1858
20.7925 211.657 59.2161
20.7933 211.657 59.2492
20.7942 211.624 59.2794
20.795 211.613 59.3094
20.7958 211.591 59.3425
20.7967 211.588 59.3728
20.7975 211.572 59.4056
20.7983 211.553 59.4358
20.7994 211.528 59.4772
20.8 211.525 59.4964
20.8008 211.506 59.5292
20.8017 211.495 59.5594
20.8025 211.465 59.5897
20.8033 211.459 59.6228
20.8042 211.443 59.6528
20.805 211.424 59.6858
20.8058 211.41 59.7161
20.8067 211.393 59.7489
20.8078 211.369 59.7903
20.8083 211.369 59.8094
20.8092 211.349 59.8397
20.81 211.327 59.8725
20.8108 211.314 59.9028
20.8117 211.3 59.9358
20.8125 211.286 59.9661
20.8133 211.264 59.9961
20.8142 211.253 60.0292
20.815 211.237 60.0594
20.8161 211.212 60.1006
20.8167 211.206 60.1197
20.8175 211.196 60.1528
20.8183 211.196 60.1831
20.8192 211.138 60.2158
20.82 211.133 60.2461
20.8208 211.13 60.2764
20.8217 211.099 60.3094
20.8225 211.094 60.3394
20.8233 211.08 60.3725
20.8244 211.056 60.4108
20.825 211.047 60.4328
20.8258 211.036 60.4631
20.8267 211.009 60.4961
20.8275 210.998 60.5264
20.8283 210.981 60.5592
20.8292 210.973 60.5894
20.83 210.938 60.6197
20.8308 210.935 60.6525
20.8317 210.921 60.6828
20.8328 210.893 60.7242
20.8333 210.891 60.7433
20.8342 210.888 60.7736
20.835 210.836 60.8064
20.8358 210.83 60.8367
20.8367 210.825 60.8697
20.8375 210.814 60.8997
20.8383 210.789 60.93
20.8392 210.775 60.9631
20.84 210.759 60.9933
20.8414 210.734 61.0428
20.8419 210.715 61.0647
20.8425 210.709 61.0867
20.8433 210.69 61.1167
20.8442 210.674 61.1469
20.845 210.66 61.18
20.8458 210.641 61.2103
20.8467 210.63 61.2403
20.8475 210.608 61.2733
20.8483 210.602 61.3036
20.8494 210.575 61.3447
20.85 210.564 61.3639
20.8508 210.55 61.3942
20.8517 210.531 61.4272
20.8525 210.512 61.4575
20.8533 210.498 61.4903
20.8542 210.484 61.5206
20.855 210.468 61.5508
20.8558 210.448 61.5836
20.8567 210.435 61.6139
20.8578 210.429 61.655
20.8583 210.429 61.6744
20.8592 210.355 61.7072
20.86 210.339 61.7375
20.8608 210.339 61.7678
20.8617 210.336 61.8008
20.8625 210.311 61.8308
20.8633 210.308 61.8611
20.8642 210.286 61.8942
20.865 210.267 61.9242
20.8661 210.248 61.9656
20.8667 210.242 61.9847
20.8675 210.221 62.015
20.8683 210.212 62.0478
20.8692 210.196 62.0781
20.87 210.174 62.1083
20.8708 210.157 62.1414
20.8717 210.144 62.1714
20.8725 210.127 62.2017
20.8733 210.108 62.2319
20.8744 210.083 62.2731
20.875 210.078 62.295
20.8758 210.053 62.3253
20.8767 210.039 62.3556
20.8775 210.026 62.3883
20.8783 210.023 62.4186
20.8792 209.979 62.4489
20.88 209.976 62.4819
20.8808 209.973 62.5119
20.8817 209.971 62.5422
20.8828 209.894 62.5836
20.8833 209.894 62.6028
20.8842 209.894 62.6331
20.885 209.874 62.6658
20.8858 209.863 62.6961
20.8867 209.85 62.7264
20.8875 209.833 62.7592
20.8883 209.817 62.7894
20.8892 209.792 62.8197
20.89 209.778 62.8528
20.8911 209.762 62.8911
20.8917 209.74 62.9131
20.8925 209.726 62.9433
20.8933 209.712 62.9736
20.8942 209.693 63.0064
20.895 209.677 63.0367
20.8958 209.663 63.0669
20.8967 209.657 63.0997
20.8975 209.657 63.13
20.8983 209.572 63.1603
20.8994 209.567 63.2014
20.9 209.567 63.2206
20.9008 209.567 63.2508
20.9017 209.539 63.2839
20.9025 209.526 63.3142
20.9033 209.512 63.3442
20.9042 209.509 63.3772
20.905 209.471 63.4075
20.9058 209.46 63.4378
20.9067 209.449 63.4678
20.9078 209.424 63.5092
20.9083 209.413 63.5283
20.9092 209.394 63.5614
20.91 209.377 63.5914
20.9108 209.358 63.6217
20.9117 209.344 63.6547
20.9125 209.328 63.6847
20.9133 209.314 63.715
20.9142 209.289 63.7481
20.915 209.278 63.7783
20.9161 209.251 63.8194
20.9167 209.24 63.8386
20.9175 209.229 63.8689
20.9183 209.207 63.8992
20.9192 209.199 63.9292
20.92 209.166 63.9622
20.9208 209.157 63.9925
20.9217 209.144 64.0228
20.9225 209.127 64.0556
20.9233 209.105 64.0858
20.9244 209.083 64.1269
20.925 209.078 64.1464
20.9258 209.053 64.1764
20.9267 209.051 64.2067
20.9275 209.051 64.2397
20.9283 208.976 64.27
20.9292 208.954 64.3
20.93 208.954 64.3303
20.9308 208.954 64.3633
20.9317 208.932 64.3936
20.9328 208.907 64.4347
20.9333 208.902 64.4539
20.9342 208.886 64.4842
20.935 208.877 64.5144
20.9358 208.853 64.5444
20.9367 208.836 64.5775
20.9375 208.828 64.6078
20.9383 208.814 64.6381
20.9392 208.784 64.6681
20.94 208.765 64.7011
20.9411 208.74 64.7422
20.9417 208.737 64.7614
20.9425 208.712 64.7917
20.9433 208.702 64.8219
20.9442 208.683 64.8522
20.945 208.661 64.885
20.9458 208.647 64.9153
20.9467 208.627 64.9456
20.9475 208.614 64.9758
20.9483 208.594 65.0086
20.9494 208.592 65.0472
20.95 208.589 65.0664
20.9508 208.507 65.0994
20.9517 208.504 65.1294
20.9525 208.501 65.1597
20.9533 208.498 65.19
20.9542 208.468 65.2203
20.955 208.454 65.2531
20.9558 208.441 65.2833
20.9567 208.421 65.3136
20.9578 208.408 65.3547
20.9583 208.394 65.3739
20.9592 208.375 65.4042
20.96 208.353 65.4372
20.9608 208.336 65.4675
20.9617 208.317 65.4975
20.9625 208.301 65.5278
20.9633 208.287 65.5608
20.9642 208.265 65.5911
20.965 208.248 65.6211
20.9661 208.224 65.6625
20.9667 208.216 65.6789
20.9675 208.199 65.7119
20.9683 208.18 65.7419
20.9692 208.161 65.7722
20.97 208.147 65.8025
20.9708 208.13 65.8328
20.9717 208.13 65.8656
20.9725 208.13 65.8958
20.9733 208.034 65.9261
20.9744 208.034 65.9672
20.975 208.034 65.9864
20.9758 208.021 66.0167
20.9767 207.999 66.0469
20.9775 207.985 66.08
20.9783 207.971 66.11
20.9792 207.954 66.1403
20.98 207.933 66.1706
20.9808 207.919 66.2008
20.9817 207.908 66.2308
20.9828 207.88 66.2722
20.9833 207.869 66.2914
20.9842 207.85 66.3217
20.985 207.831 66.3544
20.9858 207.814 66.3847
20.9867 207.787 66.415
20.9875 207.768 66.4453
20.9883 207.762 66.4753
20.9892 207.74 66.5056
20.99 207.724 66.5386
20.9911 207.699 66.5769
20.9917 207.688 66.5989
20.9925 207.672 66.6292
20.9933 207.644 66.6594
20.9942 207.633 66.6897
20.995 207.617 66.7197
20.9958 207.603 66.75
20.9967 207.581 66.7831
20.9975 207.564 66.8133
20.9983 207.542 66.8433
20.9994 207.523 66.8847
21 207.512 66.9039
21.0008 207.493 66.9342
21.0017 207.477 66.9642
21.0025 207.46 66.9944
21.0033 207.444 67.0247
21.0042 207.419 67.055
21.005 207.405 67.085
21.0058 207.383 67.1181
21.0067 207.369 67.1483
21.0078 207.342 67.1867
21.0083 207.331 67.2086
21.0092 207.317 67.2389
21.01 207.295 67.2692
21.0108 207.282 67.2994
21.0117 207.257 67.3294
21.0125 207.243 67.3597
21.0133 207.221 67.3928
21.0142 207.216 67.4231
21.015 207.174 67.4531
21.0161 207.164 67.4917
21.0167 207.161 67.5108
21.0175 207.136 67.5411
21.0183 207.12 67.5739
21.0192 207.1 67.6042
21.02 207.084 67.6344
21.0208 207.062 67.6647
21.0217 207.046 67.695
21.0225 207.029 67.725
21.0233 207.007 67.7553
21.0244 206.985 67.7964
21.025 206.977 67.8158
21.0258 206.955 67.8458
21.0267 206.938 67.8761
21.0275 206.916 67.9064
21.0283 206.903 67.9394
21.0292 206.883 67.9694
21.03 206.867 67.9997
21.0308 206.845 68.03
21.0317 206.831 68.0603
21.0328 206.804 68.1014
21.0333 206.793 68.1178
21.0342 206.779 68.1508
21.035 206.757 68.1811
21.0358 206.738 68.2111
21.0367 206.716 68.2414
21.0375 206.705 68.2717
21.0383 206.683 68.3019
21.0392 206.664 68.3319
21.04 206.65 68.3622
21.0411 206.623 68.4036
21.0417 206.611 68.4228
21.0425 206.595 68.4531
21.0433 206.579 68.4831
21.0442 206.554 68.5133
21.045 206.537 68.5464
21.0458 206.518 68.5764
21.0467 206.502 68.6067
21.0475 206.485 68.6369
21.0483 206.466 68.6672
21.0494 206.449 68.7083
21.05 206.447 68.7247
21.0508 206.392 68.755
21.0517 206.386 68.7853
21.0525 206.381 68.8156
21.0533 206.362 68.8483
21.0542 206.342 68.8786
21.055 206.32 68.9089
21.0558 206.301 68.9392
21.0567 206.296 68.9692
21.0578 206.246 69.0078
21.0583 206.243 69.0269
21.0592 206.233 69.0572
21.06 206.211 69.0875
21.0608 206.189 69.1203
21.0617 206.172 69.1506
21.0625 206.158 69.1808
21.0633 206.136 69.2083
21.0642 206.117 69.2383
21.065 206.101 69.2686
21.0661 206.079 69.3097
21.0667 206.062 69.3292
21.0675 206.043 69.3592
21.0683 206.029 69.3894
21.0692 206.007 69.4197
21.07 205.991 69.45
21.0708 205.969 69.4803
21.0717 205.952 69.5103
21.0725 205.933 69.5406
21.0733 205.914 69.5708
21.0747 205.886 69.6203
21.0753 205.873 69.6422
21.0758 205.864 69.6614
21.0767 205.84 69.6917
21.0775 205.829 69.7219
21.0783 205.799 69.7519
21.0792 205.787 69.785
21.08 205.766 69.8153
21.0808 205.746 69.8456
21.0817 205.733 69.8756
21.0828 205.702 69.9142
21.0833 205.691 69.9333
21.0842 205.672 69.9636
21.085 205.653 69.9939
21.0858 205.636 70.0239
21.0867 205.617 70.0542
21.0875 205.595 70.0844
21.0883 205.581 70.1147
21.0892 205.562 70.1447
21.09 205.54 70.175
21.0911 205.518 70.2161
21.0917 205.505 70.2356
21.0925 205.485 70.2656
21.0933 205.466 70.2958
21.0942 205.45 70.3261
21.095 205.428 70.3564
21.0958 205.409 70.3864
21.0967 205.395 70.4167
21.0975 205.376 70.4469
21.0983 205.376 70.4772
21.0994 205.304 70.5183
21.1 205.277 70.5347
21.1008 205.277 70.565
21.1017 205.277 70.5953
21.1025 205.26 70.6256
21.1033 205.249 70.6556
21.1042 205.224 70.6858
21.105 205.205 70.7161
21.1058 205.191 70.7464
21.1067 205.175 70.7767
21.1081 205.137 70.8258
21.1086 205.126 70.8481
21.1092 205.109 70.8672
21.11 205.093 70.8975
21.1108 205.071 70.9275
21.1117 205.065 70.9578
21.1125 205.024 70.9881
21.1133 204.999 71.0183
21.1161 204.952 71.1172
21.1167 204.942 71.1364
21.1175 204.922 71.1667
21.1183 204.9 71.1967
21.1192 204.881 71.2269
21.12 204.868 71.2572
21.1208 204.843 71.2875
21.1217 204.826 71.3175
21.1225 204.807 71.3478
21.1233 204.785 71.3781
21.1244 204.766 71.4164
21.125 204.749 71.4358
21.1258 204.73 71.4686
21.1267 204.711 71.4989
21.1275 204.692 71.5264
21.1283 204.672 71.5567
21.1292 204.656 71.5867
21.13 204.634 71.6169
21.1308 204.612 71.6472
21.1317 204.601 71.6775
21.1328 204.568 71.7186
21.1333 204.557 71.735
21.1342 204.538 71.7681
21.135 204.521 71.7956
21.1358 204.502 71.8258
21.1367 204.483 71.8558
21.1375 204.458 71.8861
21.1383 204.447 71.9164
21.1392 204.422 71.9467
21.14 204.406 71.9767
21.1414 204.37 72.0261
21.1419 204.359 72.0456
21.1425 204.348 72.0675
21.1433 204.329 72.095
21.1442 204.31 72.125
21.145 204.288 72.1553
21.1458 204.269 72.1856
21.1467 204.252 72.2158
21.1475 204.23 72.2458
21.1483 204.211 72.2761
21.1494 204.184 72.3175
21.15 204.175 72.3339
21.1508 204.153 72.3642
21.1517 204.131 72.3942
21.1525 204.118 72.4244
21.1533 204.096 72.4547
21.1542 204.076 72.485
21.155 204.057 72.515
21.1558 204.041 72.5453
21.1567 204.019 72.5756
21.1578 203.997 72.6139
21.1583 203.983 72.6333
21.1592 203.953 72.6633
21.16 203.942 72.6936
21.1608 203.922 72.7239
21.1617 203.901 72.7542
21.1625 203.881 72.7842
21.1633 203.859 72.8117
21.1642 203.846 72.8419
21.165 203.824 72.8722
21.1661 203.796 72.9133
21.1667 203.788 72.9297
21.1675 203.769 72.96
21.1683 203.741 72.9903
21.1692 203.727 73.0206
21.17 203.711 73.0508
21.1708 203.689 73.0808
21.1717 203.664 73.1111
21.1725 203.648 73.1414
21.1733 203.629 73.1717
21.1747 203.596 73.2183
21.1753 203.582 73.2375
21.1758 203.571 73.2594
21.1767 203.549 73.2897
21.1775 203.53 73.32
21.1783 203.508 73.35
21.1792 203.491 73.3803
21.18 203.467 73.4078
21.1808 203.453 73.4381
21.1817 203.431 73.4681
21.1828 203.404 73.5094
21.1833 203.395 73.5258
21.1842 203.384 73.5561
21.185 203.335 73.5864
21.1858 203.329 73.6164
21.1867 203.321 73.6467
21.1875 203.296 73.6742
21.1883 203.274 73.7044
21.1892 203.255 73.7347
21.19 203.236 73.7647
21.1911 203.206 73.8033
21.1917 203.192 73.8225
21.1925 203.186 73.8528
21.1933 203.154 73.8831
21.1942 203.137 73.9131
21.195 203.112 73.9433
21.1958 203.096 73.9736
21.1967 203.079 74.0039
21.1975 203.077 74.0311
21.1983 203.016 74.0614
21.1994 203.011 74.1028
21.2 203.005 74.1192
21.2008 202.981 74.1494
21.2017 202.959 74.1794
21.2025 202.939 74.2097
21.2033 202.923 74.24
21.2042 202.898 74.2675
21.205 202.876 74.2978
21.2058 202.86 74.3278
21.2067 202.835 74.3581
21.2081 202.799 74.4075
21.2086 202.794 74.4267
21.2092 202.78 74.4458
21.21 202.764 74.4761
21.2108 202.739 74.5064
21.2117 202.717 74.5367
21.2125 202.695 74.5642
21.2133 202.678 74.5942
21.2142 202.654 74.6244
21.215 202.637 74.6547
21.2161 202.612 74.6931
21.2167 202.596 74.7125
21.2175 202.579 74.7425
21.2183 202.558 74.77
21.2192 202.541 74.8003
21.22 202.516 74.8306
21.2208 202.5 74.8608
21.2217 202.478 74.8908
21.2225 202.459 74.9211
21.2233 202.437 74.9486
21.2244 202.409 74.9897
21.225 202.398 75.0064
21.2258 202.374 75.0364
21.2267 202.357 75.0667
21.2275 202.335 75.0969
21.2283 202.316 75.1272
21.2292 202.297 75.1572
21.23 202.278 75.1847
21.2308 202.255 75.215
21.2317 202.233 75.2453
21.2328 202.209 75.2836
21.2333 202.198 75.3028
21.2342 202.179 75.3331
21.235 202.159 75.3606
21.2358 202.134 75.3908
21.2367 202.112 75.4211
21.2375 202.096 75.4511
21.2383 202.08 75.4786
21.2392 202.055 75.5089
21.24 202.033 75.5392
21.2411 202.008 75.5775
21.2417 201.992 75.5967
21.2425 201.975 75.6269
21.2433 201.951 75.6572
21.2442 201.937 75.6847
21.245 201.909 75.715
21.2458 201.896 75.745
21.2467 201.871 75.7753
21.2475 201.852 75.8028
21.2483 201.824 75.8331
21.2494 201.799 75.8714
21.25 201.791 75.8906
21.2508 201.769 75.9208
21.2517 201.75 75.9483
21.2525 201.731 75.9786
21.2533 201.712 76.0089
21.2542 201.698 76.0389
21.255 201.648 76.0664
