18.6706 231.847 42.481
18.6789 231.821 42.574
18.6872 231.795 42.668
18.6956 231.768 42.761
18.7039 231.741 42.854
18.7122 231.714 42.947
18.7206 231.687 43.039
18.7289 231.659 43.132
18.7372 231.631 43.225
18.7456 231.603 43.318
18.7539 231.574 43.411
18.7622 231.546 43.504
18.7706 231.517 43.596
18.7789 231.487 43.689
18.7872 231.458 43.782
18.7956 231.428 43.874
18.8039 231.398 43.967
18.8122 231.367 44.060
18.8206 231.337 44.152
18.8289 231.306 44.245
18.8372 231.274 44.337
18.8456 231.243 44.429
18.8539 231.211 44.522
18.8622 231.179 44.614
18.8706 231.147 44.706
18.8789 231.114 44.798
18.8872 231.081 44.891
18.8956 231.048 44.983
18.9039 231.014 45.075
18.9122 230.980 45.167
18.9206 230.946 45.259
18.9289 230.912 45.351
18.9372 230.877 45.443
18.9456 230.842 45.535
18.9539 230.807 45.626
18.9622 230.771 45.718
18.9706 230.735 45.810
18.9789 230.699 45.902
18.9872 230.662 45.993
18.9956 230.625 46.085
19.0039 230.588 46.176
19.0122 230.551 46.268
19.0206 230.513 46.359
19.0289 230.475 46.451
19.0372 230.436 46.542
19.0456 230.398 46.633
19.0539 230.359 46.724
19.0622 230.319 46.816
19.0706 230.279 46.907
19.0789 230.239 46.998
19.0872 230.199 47.089
19.0956 230.158 47.180
19.1039 230.117 47.271
19.1122 230.076 47.362
19.1206 230.034 47.452
19.1289 229.992 47.543
19.1372 229.950 47.634
19.1456 229.907 47.725
19.1539 229.864 47.815
19.1622 229.821 47.906
19.1706 229.777 47.996
19.1789 229.733 48.086
19.1872 229.688 48.177
19.1956 229.643 48.267
19.2039 229.598 48.357
19.2122 229.553 48.448
19.2206 229.507 48.538
19.2289 229.461 48.628
19.2372 229.414 48.718
19.2456 229.367 48.808
19.2539 229.320 48.897
19.2622 229.272 48.987
19.2706 229.224 49.077
19.2789 229.176 49.167
19.2872 229.127 49.256
19.2956 229.078 49.346
19.3039 229.028 49.435
19.3122 228.979 49.525
19.3206 228.928 49.614
19.3289 228.878 49.703
19.3372 228.827 49.792
19.3456 228.775 49.881
19.3539 228.723 49.971
19.3622 228.671 50.059
19.3706 228.619 50.148
19.3789 228.566 50.237
19.3872 228.512 50.326
19.3956 228.458 50.415
19.4039 228.404 50.503
19.4122 228.350 50.592
19.4206 228.295 50.680
19.4289 228.239 50.769
19.4372 228.183 50.857
19.4456 228.127 50.945
19.4539 228.071 51.033
19.4622 228.014 51.121
19.4706 227.956 51.209
19.4789 227.898 51.297
19.4872 227.840 51.385
19.4956 227.781 51.473
19.5039 227.722 51.561
19.5122 227.662 51.648
19.5206 227.602 51.736
19.5289 227.542 51.823
19.5372 227.481 51.911
19.5456 227.420 51.998
19.5539 227.358 52.085
19.5622 227.296 52.172
19.5706 227.233 52.259
19.5789 227.170 52.346
19.5872 227.106 52.433
19.5956 227.042 52.519
19.6039 226.978 52.606
19.6122 226.913 52.693
19.6206 226.848 52.779
19.6289 226.782 52.865
19.6372 226.715 52.952
19.6456 226.649 53.038
19.6539 226.581 53.124
19.6622 226.514 53.210
19.6706 226.445 53.296
19.6789 226.377 53.382
19.6872 226.307 53.467
19.6956 226.238 53.553
19.7039 226.168 53.638
19.7122 226.097 53.724
19.7206 226.026 53.809
19.7289 225.954 53.894
19.7372 225.882 53.979
19.7456 225.809 54.064
19.7539 225.736 54.149
19.7622 225.663 54.234
19.7706 225.588 54.319
19.7789 225.514 54.403
19.7872 225.439 54.488
19.7956 225.363 54.572
19.8039 225.287 54.656
19.8122 225.210 54.740
19.8206 225.133 54.824
19.8289 225.055 54.908
19.8372 224.976 54.992
19.8456 224.898 55.076
19.8539 224.818 55.159
19.8622 224.738 55.243
19.8706 224.658 55.326
19.8789 224.577 55.409
19.8872 224.495 55.492
19.8956 224.413 55.575
19.9039 224.330 55.658
19.9122 224.247 55.741
19.9206 224.163 55.823
19.9289 224.079 55.906
19.9372 223.994 55.988
19.9456 223.908 56.070
19.9539 223.822 56.152
19.9622 223.735 56.234
19.9706 223.648 56.316
19.9789 223.560 56.398
19.9872 223.472 56.479
19.9956 223.383 56.561
20.0039 223.293 56.642
20.0122 223.203 56.723
20.0206 223.112 56.804
20.0289 223.021 56.885
20.0372 222.929 56.966
20.0456 222.836 57.046
20.0539 222.743 57.127
20.0622 222.649 57.207
20.0706 222.554 57.287
20.0789 222.459 57.367
20.0872 222.363 57.447
20.0956 222.267 57.527
20.1039 222.170 57.607
20.1122 222.072 57.686
20.1206 221.974 57.765
20.1289 221.875 57.844
20.1372 221.775 57.923
20.1456 221.675 58.002
20.1539 221.574 58.081
20.1622 221.473 58.159
20.1706 221.370 58.238
20.1789 221.268 58.316
20.1872 221.164 58.394
20.1956 221.060 58.472
20.2039 220.955 58.550
20.2122 220.849 58.627
20.2206 220.743 58.705
20.2289 220.636 58.782
20.2372 220.528 58.859
20.2456 220.420 58.936
20.2539 220.311 59.012
20.2622 220.201 59.089
20.2706 220.091 59.165
20.2789 219.980 59.242
20.2872 219.868 59.318
20.2956 219.755 59.393
20.3039 219.642 59.469
20.3122 219.528 59.545
20.3206 219.413 59.620
20.3289 219.298 59.695
20.3372 219.182 59.770
20.3456 219.065 59.845
20.3539 218.947 59.919
20.3622 218.829 59.993
20.3706 218.710 60.068
20.3789 218.590 60.142
20.3872 218.469 60.215
20.3956 218.348 60.289
20.4039 218.226 60.362
20.4122 218.103 60.436
20.4206 217.979 60.509
20.4289 217.855 60.581
20.4372 217.729 60.654
20.4456 217.603 60.726
20.4539 217.477 60.798
20.4622 217.349 60.870
20.4706 217.221 60.942
20.4789 217.092 61.014
20.4872 216.962 61.085
20.4956 216.831 61.156
20.5039 216.700 61.227
20.5122 216.567 61.298
20.5206 216.434 61.368
20.5289 216.300 61.438
20.5372 216.165 61.508
20.5456 216.030 61.578
20.5539 215.893 61.648
20.5622 215.756 61.717
20.5706 215.618 61.786
20.5789 215.479 61.855
20.5872 215.340 61.924
20.5956 215.199 61.992
20.6039 215.058 62.060
20.6122 214.915 62.128
20.6206 214.772 62.196
20.6289 214.629 62.263
20.6372 214.484 62.330
20.6456 214.338 62.397
20.6539 214.192 62.464
20.6622 214.044 62.530
20.6706 213.896 62.597
20.6789 213.747 62.663
20.6872 213.597 62.728
20.6956 213.446 62.794
20.7039 213.295 62.859
20.7122 213.142 62.924
20.7206 212.989 62.988
20.7289 212.834 63.053
20.7372 212.679 63.117
20.7456 212.523 63.181
20.7539 212.366 63.244
20.7622 212.208 63.307
20.7706 212.050 63.370
20.7789 211.890 63.433
20.7872 211.729 63.495
20.7956 211.568 63.558
20.8039 211.406 63.619
20.8122 211.242 63.681
20.8206 211.078 63.742
20.8289 210.913 63.803
20.8372 210.747 63.864
20.8456 210.580 63.924
20.8539 210.412 63.985
20.8622 210.244 64.044
20.8706 210.074 64.104
20.8789 209.903 64.163
20.8872 209.732 64.222
20.8956 209.560 64.281
20.9039 209.386 64.339
20.9122 209.212 64.397
20.9206 209.037 64.454
20.9289 208.861 64.512
20.9372 208.684 64.569
20.9456 208.506 64.625
20.9539 208.327 64.682
20.9622 208.147 64.738
20.9706 207.966 64.794
20.9789 207.784 64.849
20.9872 207.602 64.904
20.9956 207.418 64.959
21.0039 207.234 65.013
21.0122 207.048 65.067
