18.7664 231.112 42.7339
18.7747 231.083 42.8264
18.7831 231.054 42.9189
18.7914 231.024 43.0114
18.7997 230.994 43.1036
18.8081 230.964 43.1958
18.8164 230.934 43.2883
18.8247 230.903 43.3806
18.8331 230.872 43.4725
18.8414 230.841 43.5647
18.8331 230.872 43.4725
18.8414 230.841 43.5647
18.8497 230.809 43.6569
18.8581 230.777 43.7489
18.8664 230.745 43.8411
18.8747 230.712 43.9331
18.8831 230.679 44.025
18.8914 230.647 44.1169
18.8997 230.613 44.2086
18.9081 230.58 44.3006
18.9164 230.546 44.3922
18.9247 230.512 44.4839
18.9331 230.477 44.5756
18.9414 230.442 44.6672
18.9331 230.477 44.5756
18.9414 230.442 44.6672
18.9497 230.407 39.5089
18.9581 230.372 39.8503
18.9664 230.336 40.1919
18.9747 230.3 40.5333
18.9831 230.264 40.8747
18.9914 230.227 41.2161
18.9997 230.191 41.5575
19.0081 230.154 41.8986
19.0164 230.116 42.24
19.0247 230.078 42.5811
19.0331 230.04 42.9222
19.0414 230.002 43.2631
19.0497 229.963 43.6042
19.0581 229.924 43.9453
19.0664 229.885 44.2861
19.0747 229.845 44.6269
19.0831 229.805 44.9678
19.0914 229.765 45.3083
19.0997 229.724 45.6492
19.1081 229.684 45.9897
19.1164 229.642 46.3303
19.1247 229.601 46.6708
19.1331 229.559 47.0114
19.1414 229.516 47.3517
19.1497 229.474 47.6919
19.1581 229.431 48.0322
19.1664 229.388 48.3725
19.1747 229.344 48.7128
19.1831 229.3 49.0528
19.1914 229.256 49.3928
19.1997 229.211 49.7328
19.2081 229.167 50.0728
19.2164 229.121 50.4128
19.2247 229.076 50.7525
19.2331 229.03 51.0922
19.2414 228.983 51.4319
19.2497 228.937 51.7717
19.2581 228.89 52.1111
19.2664 228.842 52.4506
19.2747 228.794 52.79
19.2831 228.746 53.1294
19.2914 228.698 53.4686
19.2831 228.746 48.3794
19.2914 228.698 48.4686
19.2997 228.649 48.5581
19.3081 228.6 48.6472
19.3164 228.55 48.7361
19.3247 228.5 48.8253
19.3331 228.45 48.9142
19.3414 228.399 49.0031
19.3497 228.348 49.0919
19.3581 228.297 49.1806
19.3664 228.245 49.2694
19.3747 228.193 49.3581
19.3831 228.14 49.4464
19.3914 228.087 49.535
19.3831 228.14 49.4464
19.3914 228.087 49.535
19.3997 228.034 44.3733
19.4081 227.98 44.7117
19.4164 227.926 45.0497
19.4247 227.872 45.3881
19.4331 227.817 45.7261
19.4414 227.761 46.0642
19.4497 227.706 46.4019
19.4581 227.649 46.74
19.4664 227.593 47.0778
19.4747 227.536 47.4153
19.4831 227.479 47.7531
19.4914 227.421 48.0906
19.4997 227.363 48.4281
19.5081 227.304 48.7653
19.5164 227.245 49.1028
19.5247 227.186 49.4397
19.5331 227.126 49.7769
19.5414 227.066 50.1142
19.5497 227.005 50.4508
19.5581 226.944 50.7878
19.5664 226.883 51.1244
19.5747 226.821 51.4614
19.5831 226.758 51.7978
19.5914 226.695 52.1344
19.5997 226.632 52.4708
19.6081 226.568 52.8072
19.6164 226.504 53.1433
19.6247 226.439 53.4794
19.6331 226.374 53.8156
19.6414 226.309 54.1517
19.6497 226.243 54.4875
19.6581 226.177 54.8233
19.6664 226.11 55.1589
19.6747 226.042 55.4944
19.6831 225.975 55.83
19.6914 225.906 56.1653
19.6997 225.838 56.5006
19.7081 225.768 56.8358
19.7164 225.699 57.1708
19.7247 225.629 57.5058
19.7331 225.558 57.8408
19.7414 225.487 58.1756
19.7331 225.558 53.0908
19.7414 225.487 53.1756
19.7497 225.415 53.2603
19.7581 225.343 53.345
19.7664 225.271 53.4294
19.7747 225.197 53.5136
19.7831 225.124 53.5981
19.7914 225.05 53.6822
19.7997 224.975 53.7661
19.8081 224.9 53.85
19.8164 224.825 53.9339
19.8247 224.749 54.0175
19.8331 224.672 54.1011
19.8414 224.595 54.1847
19.8331 224.672 54.1011
19.8414 224.595 54.1847
19.8497 224.517 49.0181
19.8581 224.439 49.3514
19.8664 224.361 49.6844
19.8747 224.281 50.0175
19.8831 224.202 50.3503
19.8914 224.121 50.6831
19.8997 224.041 51.0158
19.9081 223.959 51.3483
19.9164 223.877 51.6808
19.9247 223.795 52.0131
19.9331 223.712 52.3453
19.9414 223.629 52.6772
19.9497 223.545 53.0092
19.9581 223.46 53.3408
19.9664 223.375 53.6728
19.9747 223.289 54.0042
19.9831 223.203 54.3356
19.9914 223.116 54.6669
19.9997 223.029 54.9981
20.0081 222.941 55.3292
20.0164 222.852 55.66
20.0247 222.763 55.9906
20.0331 222.674 56.3214
20.0414 222.583 56.6517
20.0497 222.492 56.9819
20.0581 222.401 57.3122
20.0664 222.309 57.6422
20.0747 222.216 57.9722
20.0831 222.123 58.3019
20.0914 222.029 58.6317
20.0997 221.935 58.9611
20.1081 221.84 59.2906
20.1164 221.744 59.6197
20.1247 221.648 59.9486
20.1331 221.551 60.2775
20.1414 221.454 60.6064
20.1497 221.356 60.935
20.1581 221.257 61.2633
20.1664 221.157 61.5917
20.1747 221.058 61.9197
20.1831 220.957 62.2478
20.1914 220.856 62.5756
20.1831 220.957 57.4978
20.1914 220.856 57.5756
20.1997 220.754 57.6531
20.2081 220.651 57.7306
20.2164 220.548 57.8081
20.2247 220.444 57.8853
20.2331 220.339 57.9622
20.2414 220.234 58.0389
20.2497 220.129 58.1156
20.2581 220.022 58.1922
20.2664 219.915 58.2686
20.2747 219.807 58.3447
20.2831 219.699 58.4206
20.2914 219.589 58.4964
20.6164 214.771 61.3022
20.6247 214.632 61.3697
20.6331 214.492 61.4372
20.6414 214.352 61.5044
20.6497 214.21 61.5714
20.6581 214.068 61.6381
20.6664 213.926 61.7044
20.6747 213.782 61.7706
20.6831 213.637 61.8367
20.6914 213.492 61.9022
20.6997 213.346 61.9678
20.7081 213.199 62.0328
20.7164 213.051 62.0978
20.7247 212.903 62.1625
20.7164 213.051 62.0978
20.7247 212.903 62.1625
20.7331 212.753 56.9769
20.7414 212.603 57.2911
20.7497 212.452 57.605
20.7581 212.3 57.9186
20.7664 212.147 58.2319
20.7747 211.993 58.545
20.7831 211.839 58.8578
20.7914 211.684 59.1703
20.7997 211.528 59.4825
20.8081 211.37 59.7947
20.8164 211.212 60.1064
20.8247 211.054 60.4178
20.8331 210.894 60.7289
20.8414 210.734 61.0397
20.8497 210.572 61.3503
20.8581 210.41 61.6606
20.8664 210.247 61.9706
20.8747 210.083 62.2803
20.8831 209.918 62.5897
20.8914 209.753 62.8989
20.8997 209.586 63.2078
20.9081 209.419 63.5164
20.9164 209.251 63.8244
20.9247 209.081 64.1322
20.9331 208.911 64.44
20.9414 208.74 64.7472
20.9497 208.569 65.0542
20.9581 208.396 65.3608
20.9664 208.222 65.6672
20.9747 208.048 65.9733
20.9831 207.873 66.2789
20.9914 207.696 66.5844
20.9997 207.519 66.8894
21.0081 207.341 67.1942
21.0164 207.163 67.4986
21.0247 206.983 67.8028
21.0331 206.802 68.1064
21.0414 206.621 68.4097
21.0497 206.439 68.7128
21.0581 206.255 69.0156
21.0664 206.071 69.3181
21.0747 205.886 69.62
21.0831 205.7 69.9219
21.0914 205.514 70.2231
21.0997 205.326 70.5242
21.1081 205.137 70.8247
21.1164 204.948 71.125
21.1247 204.758 71.425
21.1331 204.567 71.7247
21.1414 204.374 72.0239
21.1497 204.182 72.3228
21.1581 203.988 72.6211
21.1664 203.793 72.9192
21.1747 203.598 73.2172
21.1831 203.401 73.5144
21.1914 203.204 73.8114
21.1997 203.006 74.1081
21.2081 202.807 74.4044
21.2164 202.607 74.7003
21.2247 202.407 74.9956
21.2331 202.205 75.2908
21.2414 202.002 75.5856
21.2497 201.799 75.8797
21.2581 201.595 76.1736
21.2664 201.39 76.4672
21.2747 201.185 76.7606
