18.7664 231.11 42.7358
18.7747 231.081 42.8282
18.7831 231.052 42.9207
18.7914 231.022 43.0131
18.7997 230.992 43.1054
18.8081 230.962 43.1977
18.8164 230.931 43.29
18.8247 230.9 43.3822
18.8331 230.869 43.4744
18.8414 230.838 43.5666
18.8331 230.869 43.4744
18.8414 230.838 43.5666
18.8497 230.806 43.6587
18.8581 230.775 43.7508
18.8664 230.742 43.8428
18.8747 230.71 43.9348
18.8831 230.677 44.0267
18.8914 230.644 44.1186
18.8997 230.611 44.2105
18.9081 230.577 44.3023
18.9164 230.543 44.3941
18.9247 230.509 44.4858
18.9331 230.475 44.5774
18.9414 230.44 44.6691
18.9331 230.475 44.5774
18.9414 230.44 44.6691
18.9497 230.405 44.7607
18.9581 230.369 44.8522
18.9664 230.334 44.9437
18.9747 230.298 45.0351
18.9831 230.262 45.1265
18.9914 230.225 45.2179
18.9997 230.188 45.3092
19.0081 230.151 45.4004
19.0164 230.114 45.4916
19.0247 230.076 45.5828
19.0331 230.038 45.6739
19.0414 229.999 45.7649
19.0497 229.961 45.8559
19.0581 229.922 45.9469
19.0664 229.882 46.0378
19.0747 229.843 46.1286
19.0831 229.803 46.2194
19.0914 229.762 46.3101
19.0997 229.722 46.4008
19.1081 229.681 46.4914
19.1164 229.64 46.582
19.1247 229.598 46.6725
19.1331 229.556 46.763
19.1414 229.514 46.8534
19.1497 229.471 46.9437
19.1581 229.428 47.034
19.1664 229.385 47.1242
19.1747 229.342 47.2144
19.1831 229.298 47.3045
19.1914 229.253 47.3946
19.1997 229.209 47.4845
19.2081 229.164 47.5745
19.2164 229.118 47.6644
19.2247 229.073 47.7542
19.2331 229.027 47.8439
19.2414 228.981 47.9336
19.2497 228.934 48.0232
19.2581 228.887 48.1128
19.2664 228.839 48.2022
19.2747 228.792 48.2917
19.2831 228.744 48.381
19.2914 228.695 48.4703
19.2831 228.744 48.381
19.2914 228.695 48.4703
19.2997 228.646 48.5596
19.3081 228.597 48.6487
19.3164 228.547 48.7378
19.3247 228.497 48.8268
19.3331 228.447 48.9158
19.3414 228.396 49.0047
19.3497 228.345 49.0935
19.3581 228.294 49.1822
19.3664 228.242 49.2709
19.3747 228.19 49.3595
19.3831 228.137 49.448
19.3914 228.084 49.5365
19.3831 228.137 49.448
19.3914 228.084 49.5365
19.3997 228.031 49.6249
19.4081 227.977 49.7132
19.4164 227.923 49.8014
19.4247 227.869 49.8896
19.4331 227.814 49.9777
19.4414 227.758 50.0657
19.4497 227.703 50.1536
19.4581 227.646 50.2414
19.4664 227.59 50.3292
19.4747 227.533 50.4169
19.4831 227.476 50.5045
19.4914 227.418 50.5921
19.4997 227.36 50.6795
19.5081 227.301 50.7669
19.5164 227.242 50.8542
19.5247 227.183 50.9414
19.5331 227.123 51.0285
19.5414 227.063 51.1155
19.5497 227.002 51.2025
19.5581 226.941 51.2893
19.5664 226.879 51.3761
19.5747 226.817 51.4628
19.5831 226.755 51.5494
19.5914 226.692 51.6359
19.5997 226.629 51.7223
19.6081 226.565 51.8086
19.6164 226.501 51.8949
19.6247 226.436 51.981
19.6331 226.371 52.0671
19.6414 226.306 52.153
19.6497 226.24 52.2389
19.6581 226.173 52.3247
19.6664 226.106 52.4104
19.6747 226.039 52.4959
19.6831 225.971 52.5814
19.6914 225.903 52.6668
19.6997 225.834 52.7521
19.7081 225.765 52.8373
19.7164 225.695 52.9223
19.7247 225.625 53.0073
19.7331 225.554 53.0922
19.7414 225.483 53.177
19.7331 225.554 53.0922
19.7414 225.483 53.177
19.7497 225.412 53.2617
19.7581 225.34 53.3462
19.7664 225.267 53.4307
19.7747 225.194 53.5151
19.7831 225.12 53.5993
19.7914 225.046 53.6835
19.7997 224.972 53.7675
19.8081 224.897 53.8514
19.8164 224.821 53.9352
19.8247 224.745 54.0189
19.8331 224.668 54.1025
19.8414 224.591 54.186
19.8331 224.668 54.1025
19.8414 224.591 54.186
19.8497 224.514 54.2694
19.8581 224.435 54.3526
19.8664 224.357 54.4357
19.8747 224.278 54.5187
19.8831 224.198 54.6016
19.8914 224.118 54.6844
19.8997 224.037 54.7671
19.9081 223.956 54.8496
19.9164 223.874 54.932
19.9247 223.791 55.0143
19.9331 223.708 55.0965
19.9414 223.625 55.1785
19.9497 223.541 55.2604
19.9581 223.456 55.3422
19.9664 223.371 55.4239
19.9747 223.285 55.5054
19.9831 223.199 55.5868
19.9914 223.112 55.6681
19.9997 223.025 55.7493
20.0081 222.937 55.8303
20.0164 222.848 55.9111
20.0247 222.759 55.9919
20.0331 222.67 56.0725
20.0414 222.579 56.1529
20.0497 222.488 56.2333
20.0581 222.397 56.3135
20.0664 222.305 56.3935
20.0747 222.212 56.4734
20.0831 222.119 56.5532
20.0914 222.025 56.6328
20.0997 221.931 56.7123
20.1081 221.836 56.7916
20.1164 221.74 56.8708
20.1247 221.644 56.9498
20.1331 221.547 57.0287
20.1414 221.449 57.1074
20.1497 221.351 57.186
20.1581 221.253 57.2644
20.1664 221.153 57.3427
20.1747 221.053 57.4208
20.1831 220.953 57.4988
20.1914 220.851 57.5766
20.1831 220.953 57.4988
20.1914 220.851 57.5766
20.1997 220.749 57.6542
20.2081 220.647 57.7317
20.2164 220.544 57.809
20.2247 220.44 57.8862
20.2331 220.335 57.9632
20.2414 220.23 58.04
20.2497 220.124 58.1167
20.2581 220.018 58.1931
20.2664 219.911 58.2695
20.2747 219.803 58.3456
20.2831 219.694 58.4216
20.2914 219.585 58.4974
20.6164 214.765 61.3028
20.6247 214.627 61.3704
20.6331 214.487 61.4378
20.6414 214.347 61.505
20.6497 214.205 61.5719
20.6581 214.063 61.6386
20.6664 213.92 61.705
20.6747 213.777 61.7712
20.6831 213.632 61.8371
20.6914 213.487 61.9028
20.6997 213.341 61.9683
20.7081 213.194 62.0334
20.7164 213.046 62.0984
20.7247 212.897 62.163
20.7164 213.046 62.0984
20.7247 212.897 62.163
20.7331 212.748 62.2274
20.7414 212.598 62.2916
20.7497 212.447 62.3555
20.7581 212.295 62.4191
20.7664 212.142 62.4824
20.7747 211.988 62.5455
20.7831 211.834 62.6083
20.7914 211.678 62.6709
20.7997 211.522 62.7331
20.8081 211.365 62.7951
20.8164 211.207 62.8568
20.8247 211.048 62.9182
20.8331 210.889 62.9794
20.8414 210.728 63.0403
20.8497 210.567 63.1008
20.8581 210.405 63.1611
20.8664 210.242 63.2211
20.8747 210.078 63.2808
20.8831 209.913 63.3402
20.8914 209.747 63.3993
20.8997 209.581 63.4581
20.9081 209.413 63.5166
20.9164 209.245 63.5748
20.9247 209.076 63.6327
20.9331 208.906 63.6903
20.9414 208.735 63.7476
20.9497 208.563 63.8046
20.9581 208.39 63.8612
20.9664 208.217 63.9176
20.9747 208.042 63.9736
20.9831 207.867 64.0293
20.9914 207.691 64.0847
20.9997 207.514 64.1397
21.0081 207.336 64.1944
21.0164 207.157 64.2488
21.0247 206.977 64.3029
21.0331 206.797 64.3566
21.0414 206.615 64.41
21.0497 206.433 64.4631
21.0581 206.249 64.5158
21.0664 206.065 64.5682
21.0747 205.88 64.6202
21.0831 205.694 64.6719
21.0914 205.508 64.7233
21.0997 205.32 64.7743
21.1081 205.132 64.8249
21.1164 204.942 64.8752
21.1247 204.752 64.9251
21.1331 204.561 64.9747
21.1414 204.369 65.0239
21.1497 204.176 65.0728
21.1581 203.982 65.1212
21.1664 203.787 65.1693
21.1747 203.592 65.2171
21.1831 203.395 65.2645
21.1914 203.198 65.3114
21.1997 203 65.3581
21.2081 202.801 65.4043
21.2164 202.601 65.4502
21.2247 202.401 65.4956
21.2331 202.199 65.5407
21.2414 201.997 65.5854
21.2497 201.793 65.6297
21.2581 201.589 65.6736
21.2664 201.384 65.7172
21.2747 201.179 65.7603
